14423 6883.400000000001 √
[2, 8, 6] [7, 3, 8]
[[[[0, 2, 1, 3, 4]], [[1, 0, 2, 3, 4]], []], [[[0, 1, 2, 4, 3]], [], [[0, 1, 2, 4]]], [[], [[0, 1, 2, 3, 4]], [[0, 4, 2, 1]]], [[[0, 2, 1, 4, 3], [0, 1, 2, 3, 4]], [[0, 1, 2, 3, 4]], []], [[], [[0, 2, 1, 3, 4], [0, 1, 2, 3, 4]], [[0, 1, 4, 2]]], [[[0, 1, 2, 3, 4], [0, 2, 1, 4, 3]], [], [[0, 2, 4, 1]]], [[[0, 1, 3, 2, 4]], [[1, 0, 2, 3, 4]], [[0, 1, 2, 4]]], [[[0, 1, 2, 3, 4]], [[1, 0, 2, 3, 4], [0, 1, 2, 3, 4]], []], [[[0, 1, 2, 4, 3]], [], [[0, 4, 2, 1], [0, 4, 1, 2]]], [[], [[1, 0, 2, 3, 4]], [[0, 1, 4, 2], [0, 4, 2, 1]]]]
[[[[1, 2, 1, 2, 1]], [[1, 2, 0, 2, 1]], []], [[[2, 2, 0, 1, 2]], [], [[2, 1, 1, 1]]], [[], [[2, 1, 0, 2, 1]], [[1, 1, 1, 2]]], [[[0, 0, 2, 1, 2], [0, 1, 0, 0, 1]], [[2, 0, 0, 2, 1]], []], [[], [[1, 0, 0, 2, 1], [1, 0, 0, 0, 1]], [[0, 2, 1, 1]]], [[[2, 2, 2, 0, 1], [0, 2, 0, 1, 0]], [], [[1, 0, 1, 0]]], [[[2, 2, 0, 1, 1]], [[1, 1, 2, 2, 1]], [[0, 1, 0, 1]]], [[[2, 1, 2, 2, 1]], [[0, 0, 2, 2, 1], [2, 0, 0, 0, 1]], []], [[[0, 0, 1, 1, 0]], [], [[0, 1, 0, 0], [2, 1, 2, 0]]], [[], [[0, 2, 0, 0, 1]], [[0, 2, 1, 1], [2, 1, 2, 1]]]]
[[[[0, 1, 1, 0, 0]], [[1, 0, 0, 0, 2]], []], [[[0, 1, 0, 2, 0]], [], [[0, 1, 2, 0]]], [[], [[0, 1, 0, 0, 0]], [[0, 0, 2, 1]]], [[[0, 0, 1, 2, 0], [0, 1, 0, 1, 0]], [[0, 1, 0, 0, 0]], []], [[], [[0, 0, 1, 0, 0], [0, 1, 0, 1, 0]], [[0, 1, 0, 2]]], [[[0, 1, 1, 1, 0], [0, 1, 1, 2, 1]], [], [[0, 0, 2, 1]]], [[[0, 1, 1, 2, 0]], [[1, 0, 1, 0, 2]], [[0, 1, 0, 2]]], [[[0, 1, 1, 0, 0]], [[1, 0, 1, 0, 2], [0, 1, 0, 1, 0]], []], [[[0, 1, 2, 2, 1]], [], [[0, 0, 0, 1], [0, 0, 1, 0]]], [[], [[1, 0, 0, 1, 2]], [[0, 1, 2, 2], [0, 0, 1, 1]]]]
[[[[4, 139, 180, 192, 315]], [[19, 263, 377, 401, 533]], []], [[[2, 57, 122, 220, 230]], [], [[7, 242, 302, 377]]], [[], [[16, 115, 230, 307, 481]], [[36, 433, 540, 577]]], [[[5, 101, 124, 138, 224], [8, 105, 221, 348, 367]], [[22, 157, 187, 309, 483]], []], [[], [[43, 239, 338, 359, 517], [47, 269, 312, 393, 485]], [[14, 272, 447, 563]]], [[[30, 64, 111, 201, 288], [24, 114, 168, 200, 279]], [], [[52, 412, 548, 604]]], [[[34, 96, 128, 210, 232]], [[64, 85, 287, 305, 468]], [[30, 392, 451, 554]]], [[[38, 100, 207, 218, 290]], [[43, 109, 244, 303, 464], [82, 295, 321, 398, 487]], []], [[[57, 142, 160, 170, 253]], [], [[63, 440, 497, 506], [43, 268, 414, 524]]], [[], [[76, 153, 368, 423, 529]], [[88, 406, 502, 565], [46, 275, 367, 407]]]]

17193 6421.0 √
[2, 8, 6] [7, 3, 8]
[[[[0, 2, 1, 4, 3]], [[1, 0, 2, 3, 4]], []], [[[0, 1, 3, 2, 4]], [], [[0, 4, 2, 1]]], [[], [[0, 1, 2, 3, 4]], [[0, 1, 2, 4]]], [[[0, 2, 1, 3, 4], [0, 2, 1, 3, 4]], [[1, 0, 2, 3, 4]], []], [[], [[0, 1, 2, 3, 4], [1, 0, 2, 3, 4]], [[0, 2, 1, 4]]], [[[0, 1, 2, 4, 3], [0, 2, 1, 4, 3]], [], [[0, 4, 2, 1]]], [[[0, 1, 2, 4, 3]], [[0, 1, 2, 3, 4]], [[0, 4, 1, 2]]], [[[0, 1, 2, 4, 3]], [[0, 1, 2, 3, 4], [0, 1, 2, 3, 4]], []], [[[0, 2, 1, 4, 3]], [], [[0, 2, 4, 1], [0, 2, 1, 4]]], [[], [[0, 1, 2, 3, 4]], [[0, 4, 2, 1], [0, 4, 1, 2]]]]
[[[[0, 2, 2, 1, 1]], [[1, 0, 0, 2, 1]], []], [[[0, 0, 0, 0, 1]], [], [[0, 1, 1, 0]]], [[], [[0, 0, 2, 2, 1]], [[1, 2, 1, 1]]], [[[0, 2, 2, 1, 1], [1, 2, 2, 2, 1]], [[0, 1, 2, 1, 1]], []], [[], [[0, 2, 0, 2, 1], [2, 0, 0, 2, 1]], [[0, 1, 2, 1]]], [[[1, 1, 0, 1, 1], [2, 0, 1, 1, 1]], [], [[0, 1, 2, 0]]], [[[0, 1, 2, 1, 0]], [[1, 0, 0, 1, 1]], [[2, 1, 1, 1]]], [[[1, 1, 0, 1, 2]], [[0, 0, 0, 2, 1], [1, 2, 2, 1, 1]], []], [[[1, 1, 1, 1, 1]], [], [[1, 2, 1, 1], [0, 1, 2, 1]]], [[], [[0, 2, 0, 2, 1]], [[0, 1, 2, 2], [1, 1, 2, 0]]]]
[[[[0, 1, 1, 2, 1]], [[1, 0, 0, 0, 0]], []], [[[0, 1, 1, 0, 0]], [], [[0, 2, 2, 1]]], [[], [[0, 1, 1, 0, 0]], [[0, 1, 2, 2]]], [[[0, 1, 1, 1, 0], [0, 1, 1, 0, 0]], [[1, 0, 1, 1, 2]], []], [[], [[0, 1, 0, 0, 2], [1, 0, 0, 0, 0]], [[0, 2, 1, 2]]], [[[0, 1, 0, 0, 1], [0, 0, 1, 0, 1]], [], [[0, 2, 1, 1]]], [[[0, 1, 1, 0, 1]], [[0, 1, 0, 1, 2]], [[0, 2, 1, 2]]], [[[0, 1, 0, 0, 0]], [[0, 1, 0, 0, 0], [0, 1, 1, 1, 0]], []], [[[0, 2, 1, 0, 1]], [], [[0, 1, 0, 1], [0, 2, 1, 2]]], [[], [[0, 1, 0, 0, 0]], [[0, 2, 1, 1], [0, 0, 1, 0]]]]
[[[[5, 36, 160, 246, 252]], [[5, 93, 295, 476, 597]], []], [[[8, 157, 195, 215, 278]], [], [[14, 156, 398, 454]]], [[], [[26, 172, 226, 387, 410]], [[22, 392, 525, 582]]], [[[36, 44, 167, 207, 280], [28, 202, 212, 254, 368]], [[47, 310, 450, 608, 646]], []], [[], [[68, 178, 304, 478, 621], [4, 225, 268, 428, 499]], [[76, 394, 460, 516]]], [[[33, 96, 216, 274, 344], [19, 189, 200, 366, 377]], [], [[81, 162, 438, 468]]], [[[103, 138, 150, 229, 248]], [[48, 238, 277, 461, 486]], [[24, 327, 467, 665]]], [[[38, 101, 217, 276, 285]], [[63, 114, 286, 430, 501], [52, 238, 500, 534, 550]], []], [[[60, 122, 133, 179, 289]], [], [[66, 405, 445, 560], [126, 396, 485, 656]]], [[], [[138, 186, 313, 480, 634]], [[146, 333, 374, 510], [68, 78, 412, 445]]]]

1746.578125