10768 6409.800000000001 √
[2, 8, 6] [7, 3, 8]
[[[[0, 1, 3, 2, 4]], [[0, 1, 2, 3, 4]], []], [[[0, 1, 2, 3, 4]], [], [[0, 2, 4, 1]]], [[], [[0, 2, 1, 3, 4]], [[0, 1, 2, 4]]], [[[0, 2, 1, 3, 4], [0, 1, 2, 3, 4]], [[1, 0, 2, 3, 4]], []], [[], [[0, 2, 1, 3, 4], [0, 2, 1, 3, 4]], [[0, 1, 2, 4]]], [[[0, 2, 1, 3, 4], [0, 2, 1, 3, 4]], [], [[0, 4, 2, 1]]], [[[0, 2, 1, 4, 3]], [[1, 0, 2, 3, 4]], [[0, 2, 4, 1]]], [[[0, 1, 3, 2, 4]], [[1, 0, 2, 3, 4], [0, 2, 1, 3, 4]], []], [[[0, 1, 2, 3, 4]], [], [[0, 2, 1, 4], [0, 2, 4, 1]]], [[], [[1, 0, 2, 3, 4]], [[0, 4, 1, 2], [0, 4, 2, 1]]]]
[[[[1, 0, 0, 1, 1]], [[1, 2, 2, 2, 1]], []], [[[0, 1, 2, 2, 1]], [], [[0, 0, 1, 2]]], [[], [[2, 2, 2, 0, 1]], [[1, 2, 0, 1]]], [[[1, 2, 2, 0, 1], [2, 0, 2, 0, 1]], [[1, 0, 1, 0, 1]], []], [[], [[1, 1, 1, 2, 1], [0, 0, 2, 2, 1]], [[0, 2, 1, 1]]], [[[2, 2, 1, 0, 1], [1, 2, 1, 0, 1]], [], [[0, 1, 1, 2]]], [[[2, 0, 1, 1, 0]], [[0, 0, 0, 2, 1]], [[0, 2, 1, 2]]], [[[0, 2, 0, 1, 1]], [[2, 0, 2, 2, 1], [0, 2, 0, 2, 1]], []], [[[2, 0, 2, 2, 1]], [], [[2, 1, 2, 1], [0, 2, 1, 1]]], [[], [[1, 1, 0, 2, 1]], [[2, 1, 2, 2], [0, 1, 1, 0]]]]
[[[[0, 1, 1, 2, 0]], [[0, 1, 1, 0, 0]], []], [[[0, 1, 1, 0, 0]], [], [[0, 0, 2, 1]]], [[], [[0, 1, 1, 1, 0]], [[0, 1, 0, 0]]], [[[0, 1, 1, 1, 0], [0, 1, 1, 1, 2]], [[1, 0, 2, 1, 0]], []], [[], [[0, 2, 1, 0, 0], [0, 0, 1, 0, 2]], [[0, 1, 2, 2]]], [[[0, 1, 1, 1, 2], [0, 1, 1, 1, 0]], [], [[0, 2, 2, 1]]], [[[0, 0, 1, 2, 1]], [[1, 0, 0, 0, 0]], [[0, 1, 0, 1]]], [[[0, 1, 1, 2, 0]], [[1, 0, 1, 0, 0], [0, 1, 1, 0, 0]], []], [[[0, 1, 1, 0, 2]], [], [[0, 2, 1, 2], [0, 1, 0, 1]]], [[], [[1, 0, 0, 0, 0]], [[0, 2, 1, 1], [0, 2, 2, 1]]]]
[[[[4, 163, 175, 223, 325]], [[14, 97, 279, 295, 496]], []], [[[5, 161, 239, 260, 323]], [], [[11, 327, 381, 450]]], [[], [[6, 160, 194, 342, 504]], [[19, 71, 331, 514]]], [[[51, 147, 224, 266, 321], [14, 129, 150, 193, 245]], [[31, 118, 278, 347, 525]], []], [[], [[61, 145, 293, 321, 498], [23, 234, 370, 386, 537]], [[48, 244, 436, 481]]], [[[18, 66, 171, 202, 246], [69, 113, 166, 257, 357]], [], [[53, 108, 138, 391]]], [[[22, 156, 176, 213, 275]], [[36, 221, 243, 269, 466]], [[58, 341, 400, 442]]], [[[68, 86, 184, 203, 264]], [[31, 98, 123, 176, 313], [78, 131, 312, 333, 502]], []], [[[46, 137, 187, 210, 247]], [], [[51, 251, 348, 427], [86, 361, 407, 444]]], [[], [[84, 124, 295, 323, 500]], [[54, 231, 458, 471], [106, 340, 369, 421]]]]

11068 5968.4 √
[2, 7, 6] [7, 3, 8]
[[[[0, 1, 3, 2, 4]], [[0, 2, 1, 3, 4]], []], [[[0, 1, 2, 4, 3]], [], [[0, 4, 1, 2]]], [[], [[0, 1, 2, 3, 4]], [[0, 1, 2, 4]]], [[[0, 2, 1, 3, 4], [0, 1, 2, 4, 3]], [[1, 0, 2, 3, 4]], []], [[], [[0, 2, 1, 3, 4], [0, 2, 1, 3, 4]], [[0, 4, 1, 2]]], [[[0, 1, 2, 4, 3], [0, 2, 1, 4, 3]], [], [[0, 4, 2, 1]]], [[[0, 2, 1, 4, 3]], [[1, 0, 2, 3, 4]], [[0, 4, 2, 1]]], [[[0, 2, 1, 4, 3]], [[0, 2, 1, 3, 4], [0, 2, 1, 3, 4]], []], [[[0, 1, 2, 4, 3]], [], [[0, 4, 2, 1], [0, 2, 4, 1]]], [[], [[1, 0, 2, 3, 4]], [[0, 4, 2, 1], [0, 2, 1, 4]]]]
[[[[1, 2, 0, 0, 1]], [[2, 0, 0, 1, 1]], []], [[[0, 1, 0, 1, 1]], [], [[2, 1, 2, 2]]], [[], [[0, 2, 0, 2, 1]], [[2, 2, 0, 1]]], [[[0, 0, 0, 1, 1], [1, 2, 2, 1, 0]], [[2, 2, 2, 2, 1]], []], [[], [[0, 0, 0, 2, 1], [0, 2, 2, 2, 1]], [[0, 1, 2, 1]]], [[[1, 2, 1, 1, 0], [1, 1, 2, 1, 2]], [], [[1, 1, 2, 0]]], [[[1, 1, 1, 1, 1]], [[2, 1, 1, 1, 1]], [[2, 1, 0, 0]]], [[[1, 2, 0, 1, 0]], [[0, 2, 2, 2, 1], [0, 2, 2, 2, 1]], []], [[[2, 2, 1, 1, 2]], [], [[1, 1, 0, 2], [0, 2, 1, 2]]], [[], [[0, 0, 2, 2, 1]], [[1, 1, 2, 2], [2, 2, 0, 1]]]]
[[[[0, 1, 1, 0, 2]], [[0, 0, 1, 1, 2]], []], [[[0, 1, 0, 0, 1]], [], [[0, 2, 1, 1]]], [[], [[0, 1, 0, 0, 2]], [[0, 1, 0, 2]]], [[[0, 0, 1, 1, 2], [0, 1, 1, 0, 1]], [[1, 0, 1, 0, 0]], []], [[], [[0, 0, 1, 0, 0], [0, 1, 1, 0, 2]], [[0, 2, 1, 2]]], [[[0, 1, 2, 2, 1], [0, 2, 1, 0, 0]], [], [[0, 2, 1, 1]]], [[[0, 2, 1, 0, 1]], [[1, 0, 2, 1, 0]], [[0, 0, 0, 1]]], [[[0, 1, 1, 0, 1]], [[0, 1, 1, 0, 0], [0, 1, 1, 0, 0]], []], [[[0, 1, 2, 0, 0]], [], [[0, 0, 0, 1], [0, 1, 2, 1]]], [[], [[1, 0, 1, 0, 0]], [[0, 2, 1, 1], [0, 1, 1, 0]]]]
[[[[4, 98, 162, 252, 368]], [[13, 148, 301, 385, 398]], []], [[[17, 93, 216, 227, 374]], [], [[1, 291, 402, 415]]], [[], [[27, 156, 261, 395, 528]], [[4, 54, 240, 538]]], [[[37, 110, 117, 156, 178], [9, 202, 229, 274, 285]], [[66, 332, 377, 397, 553]], []], [[], [[7, 182, 225, 367, 514], [52, 130, 164, 292, 464]], [[60, 408, 444, 503]]], [[[14, 105, 188, 198, 275], [19, 80, 145, 210, 299]], [], [[25, 59, 316, 420]]], [[[31, 82, 125, 147, 324]], [[24, 217, 241, 335, 351]], [[38, 310, 362, 384]]], [[[36, 120, 197, 276, 371]], [[47, 187, 276, 393, 516], [89, 179, 213, 294, 477]], []], [[[43, 91, 114, 145, 265]], [], [[42, 261, 411, 538], [97, 237, 494, 530]]], [[], [[73, 135, 249, 308, 479]], [[44, 65, 344, 351], [48, 79, 393, 447]]]]

1724.859375