10312 6494.1 √
[2, 8, 6] [7, 3, 8]
[[[[0, 1, 3, 2, 4]], [[0, 2, 1, 3, 4]], []], [[[0, 2, 1, 4, 3]], [], [[0, 2, 1, 4]]], [[], [[0, 2, 1, 3, 4]], [[0, 4, 1, 2]]], [[[0, 2, 1, 4, 3], [0, 1, 2, 4, 3]], [[0, 1, 2, 3, 4]], []], [[], [[0, 1, 2, 3, 4], [0, 2, 1, 3, 4]], [[0, 2, 1, 4]]], [[[0, 2, 1, 4, 3], [0, 1, 3, 2, 4]], [], [[0, 1, 4, 2]]], [[[0, 1, 2, 3, 4]], [[1, 0, 2, 3, 4]], [[0, 4, 1, 2]]], [[[0, 1, 2, 3, 4]], [[0, 1, 2, 3, 4], [0, 2, 1, 3, 4]], []], [[[0, 1, 2, 4, 3]], [], [[0, 4, 1, 2], [0, 1, 4, 2]]], [[], [[0, 2, 1, 3, 4]], [[0, 1, 2, 4], [0, 2, 4, 1]]]]
[[[[1, 2, 2, 0, 1]], [[0, 1, 2, 2, 1]], []], [[[2, 1, 0, 1, 0]], [], [[0, 0, 0, 1]]], [[], [[1, 0, 1, 2, 1]], [[1, 1, 0, 2]]], [[[1, 2, 2, 1, 2], [1, 2, 0, 1, 0]], [[0, 0, 2, 2, 1]], []], [[], [[1, 0, 0, 1, 1], [2, 0, 2, 2, 1]], [[2, 0, 2, 1]]], [[[1, 0, 2, 1, 0], [1, 0, 1, 2, 1]], [], [[2, 1, 1, 0]]], [[[2, 2, 1, 1, 1]], [[0, 2, 0, 1, 1]], [[2, 1, 0, 2]]], [[[0, 2, 2, 1, 1]], [[2, 1, 0, 0, 1], [2, 0, 0, 2, 1]], []], [[[2, 2, 2, 1, 1]], [], [[2, 1, 0, 2], [2, 1, 1, 1]]], [[], [[2, 0, 0, 0, 1]], [[2, 2, 1, 1], [1, 2, 1, 0]]]]
[[[[0, 1, 0, 0, 0]], [[0, 2, 1, 0, 2]], []], [[[0, 2, 1, 2, 1]], [], [[0, 0, 1, 0]]], [[], [[0, 0, 1, 0, 0]], [[0, 0, 1, 1]]], [[[0, 1, 1, 2, 0], [0, 1, 0, 0, 1]], [[0, 1, 1, 0, 2]], []], [[], [[0, 1, 0, 1, 2], [0, 0, 1, 0, 0]], [[0, 0, 1, 2]]], [[[0, 0, 1, 2, 1], [0, 1, 1, 1, 2]], [], [[0, 1, 2, 0]]], [[[0, 1, 2, 1, 2]], [[1, 0, 0, 1, 2]], [[0, 2, 1, 1]]], [[[0, 1, 1, 1, 2]], [[0, 1, 0, 1, 2], [0, 0, 1, 0, 2]], []], [[[0, 1, 1, 0, 1]], [], [[0, 2, 1, 1], [0, 1, 2, 2]]], [[], [[0, 0, 1, 1, 2]], [[0, 1, 2, 2], [0, 1, 2, 1]]]]
[[[[4, 182, 222, 245, 338]], [[7, 56, 274, 305, 367]], []], [[[2, 101, 127, 252, 338]], [], [[15, 63, 72, 412]]], [[], [[14, 283, 429, 457, 519]], [[19, 266, 434, 468]]], [[[25, 197, 207, 242, 263], [30, 100, 112, 123, 160]], [[27, 254, 289, 307, 395]], []], [[], [[40, 266, 315, 474, 490], [12, 146, 314, 343, 463]], [[19, 365, 394, 534]]], [[[72, 92, 236, 250, 347], [77, 119, 219, 330, 391]], [], [[22, 281, 358, 425]]], [[[27, 107, 141, 148, 251]], [[40, 254, 324, 477, 494]], [[32, 315, 398, 432]]], [[[54, 157, 172, 198, 241]], [[41, 182, 219, 299, 446], [47, 180, 260, 341, 450]], []], [[[55, 132, 147, 170, 191]], [], [[60, 321, 407, 441], [63, 208, 309, 501]]], [[], [[72, 228, 377, 389, 506]], [[79, 85, 350, 377], [83, 120, 303, 443]]]]

12536 6321.8 √
[2, 8, 6] [7, 3, 8]
[[[[0, 2, 1, 4, 3]], [[0, 2, 1, 3, 4]], []], [[[0, 1, 2, 4, 3]], [], [[0, 2, 4, 1]]], [[], [[0, 1, 2, 3, 4]], [[0, 2, 1, 4]]], [[[0, 1, 2, 4, 3], [0, 2, 1, 3, 4]], [[0, 2, 1, 3, 4]], []], [[], [[1, 0, 2, 3, 4], [0, 2, 1, 3, 4]], [[0, 4, 2, 1]]], [[[0, 2, 1, 3, 4], [0, 1, 3, 2, 4]], [], [[0, 4, 2, 1]]], [[[0, 1, 2, 4, 3]], [[0, 2, 1, 3, 4]], [[0, 2, 4, 1]]], [[[0, 2, 1, 4, 3]], [[0, 1, 2, 3, 4], [0, 2, 1, 3, 4]], []], [[[0, 1, 2, 3, 4]], [], [[0, 4, 2, 1], [0, 2, 1, 4]]], [[], [[0, 1, 2, 3, 4]], [[0, 4, 2, 1], [0, 4, 2, 1]]]]
[[[[1, 0, 2, 1, 0]], [[0, 0, 2, 0, 1]], []], [[[1, 2, 2, 1, 1]], [], [[2, 2, 1, 2]]], [[], [[0, 1, 2, 2, 1]], [[0, 0, 0, 1]]], [[[1, 2, 1, 1, 2], [1, 2, 0, 1, 1]], [[1, 2, 2, 0, 1]], []], [[], [[1, 0, 2, 2, 1], [2, 2, 2, 1, 1]], [[1, 1, 0, 0]]], [[[2, 1, 2, 2, 1], [0, 2, 0, 1, 1]], [], [[1, 1, 0, 2]]], [[[0, 2, 2, 1, 0]], [[2, 0, 2, 2, 1]], [[1, 2, 1, 1]]], [[[1, 1, 2, 1, 2]], [[1, 1, 1, 2, 1], [0, 2, 2, 0, 1]], []], [[[1, 2, 0, 1, 1]], [], [[2, 1, 1, 1], [2, 1, 2, 1]]], [[], [[1, 0, 0, 2, 1]], [[0, 1, 2, 1], [2, 1, 1, 2]]]]
[[[[0, 0, 1, 0, 1]], [[0, 0, 1, 1, 0]], []], [[[0, 1, 1, 2, 1]], [], [[0, 1, 2, 1]]], [[], [[0, 1, 1, 0, 0]], [[0, 0, 1, 0]]], [[[0, 1, 2, 2, 0], [0, 1, 1, 1, 0]], [[0, 1, 1, 1, 0]], []], [[], [[1, 0, 1, 0, 2], [0, 1, 1, 1, 2]], [[0, 2, 0, 1]]], [[[0, 2, 1, 0, 0], [0, 1, 1, 2, 0]], [], [[0, 0, 0, 1]]], [[[0, 1, 1, 2, 1]], [[0, 0, 1, 0, 0]], [[0, 1, 2, 1]]], [[[0, 2, 1, 2, 0]], [[0, 1, 2, 0, 0], [0, 1, 1, 1, 0]], []], [[[0, 1, 0, 1, 2]], [], [[0, 0, 2, 1], [0, 2, 1, 0]]], [[], [[0, 1, 0, 0, 0]], [[0, 2, 1, 1], [0, 2, 2, 1]]]]
[[[[4, 91, 167, 181, 310]], [[7, 143, 382, 405, 542]], []], [[[9, 109, 182, 199, 217]], [], [[1, 50, 206, 492]]], [[], [[12, 243, 347, 365, 483]], [[20, 62, 71, 440]]], [[[14, 116, 137, 147, 280], [19, 138, 189, 224, 274]], [[55, 192, 256, 279, 477]], []], [[], [[34, 178, 244, 289, 423], [10, 76, 145, 359, 377]], [[60, 306, 419, 428]]], [[[18, 133, 215, 230, 276], [30, 102, 114, 158, 171]], [], [[62, 110, 301, 500]]], [[[33, 62, 92, 148, 159]], [[28, 134, 321, 337, 475]], [[64, 297, 337, 520]]], [[[70, 135, 160, 198, 310]], [[80, 236, 459, 487, 510], [43, 200, 264, 287, 479]], []], [[[88, 123, 208, 252, 351]], [], [[35, 286, 372, 387], [38, 315, 370, 493]]], [[], [[98, 217, 234, 363, 481]], [[51, 414, 456, 552], [41, 323, 406, 443]]]]

12345 6425.799999999999 √
[2, 8, 6] [7, 3, 8]
[[[[0, 2, 1, 3, 4]], [[0, 2, 1, 3, 4]], []], [[[0, 2, 1, 3, 4]], [], [[0, 2, 4, 1]]], [[], [[0, 1, 2, 3, 4]], [[0, 1, 4, 2]]], [[[0, 2, 1, 4, 3], [0, 2, 1, 4, 3]], [[0, 1, 2, 3, 4]], []], [[], [[0, 1, 2, 3, 4], [0, 2, 1, 3, 4]], [[0, 2, 1, 4]]], [[[0, 2, 1, 4, 3], [0, 2, 1, 4, 3]], [], [[0, 1, 4, 2]]], [[[0, 1, 2, 4, 3]], [[0, 1, 2, 3, 4]], [[0, 1, 4, 2]]], [[[0, 2, 1, 4, 3]], [[0, 2, 1, 3, 4], [0, 1, 2, 3, 4]], []], [[[0, 1, 3, 2, 4]], [], [[0, 4, 1, 2], [0, 2, 4, 1]]], [[], [[0, 2, 1, 3, 4]], [[0, 1, 4, 2], [0, 1, 4, 2]]]]
[[[[1, 2, 2, 1, 1]], [[2, 0, 2, 2, 1]], []], [[[1, 2, 2, 2, 1]], [], [[2, 0, 1, 0]]], [[], [[0, 1, 0, 2, 1]], [[0, 2, 1, 1]]], [[[1, 2, 0, 1, 1], [2, 2, 1, 1, 0]], [[2, 0, 2, 2, 1]], []], [[], [[2, 2, 0, 2, 1], [0, 2, 2, 2, 1]], [[1, 2, 1, 1]]], [[[2, 2, 1, 1, 1], [2, 2, 0, 1, 0]], [], [[0, 2, 1, 0]]], [[[2, 2, 0, 1, 2]], [[1, 2, 0, 0, 1]], [[0, 0, 1, 0]]], [[[2, 0, 1, 1, 0]], [[1, 0, 2, 2, 1], [2, 1, 2, 1, 1]], []], [[[1, 1, 1, 2, 1]], [], [[1, 1, 1, 1], [0, 2, 1, 2]]], [[], [[0, 1, 1, 0, 1]], [[1, 0, 1, 2], [0, 2, 1, 0]]]]
[[[[0, 1, 1, 1, 0]], [[0, 0, 1, 0, 0]], []], [[[0, 1, 1, 0, 0]], [], [[0, 0, 2, 1]]], [[], [[0, 1, 0, 0, 0]], [[0, 1, 0, 2]]], [[[0, 1, 1, 2, 1], [0, 1, 1, 2, 1]], [[0, 1, 1, 0, 0]], []], [[], [[0, 1, 0, 0, 0], [0, 1, 1, 0, 0]], [[0, 1, 1, 0]]], [[[0, 1, 1, 0, 1], [0, 1, 1, 2, 1]], [], [[0, 1, 2, 0]]], [[[0, 1, 0, 2, 0]], [[0, 1, 0, 1, 0]], [[0, 1, 0, 0]]], [[[0, 0, 1, 2, 1]], [[0, 0, 1, 0, 0], [0, 1, 1, 1, 0]], []], [[[0, 1, 1, 1, 0]], [], [[0, 2, 1, 2], [0, 1, 2, 1]]], [[], [[0, 2, 1, 1, 0]], [[0, 1, 2, 1], [0, 1, 0, 0]]]]
[[[[4, 81, 97, 277, 315]], [[16, 95, 298, 352, 461]], []], [[[9, 84, 207, 237, 317]], [], [[1, 197, 405, 505]]], [[], [[7, 242, 404, 428, 575]], [[15, 357, 477, 547]]], [[[14, 87, 161, 299, 326], [6, 169, 184, 300, 311]], [[22, 121, 286, 314, 373]], []], [[], [[44, 192, 349, 406, 465], [27, 221, 390, 408, 467]], [[20, 274, 383, 564]]], [[[30, 122, 164, 209, 270], [34, 172, 180, 301, 329]], [], [[35, 246, 440, 496]]], [[[52, 142, 154, 226, 262]], [[27, 153, 218, 365, 455]], [[40, 75, 362, 419]]], [[[56, 112, 189, 264, 320]], [[31, 209, 321, 373, 463], [66, 235, 336, 424, 459]], []], [[[39, 108, 171, 185, 313]], [], [[45, 411, 492, 549], [45, 109, 149, 378]]], [[], [[57, 92, 338, 375, 457]], [[47, 384, 538, 579], [65, 127, 518, 575]]]]

1736.203125