9011 6357.499999999999 √
[2, 8, 6] [7, 3, 8]
[[[[0, 1, 2, 4, 3]], [[0, 2, 1, 3, 4]], []], [[[0, 1, 2, 3, 4]], [], [[0, 2, 1, 4]]], [[], [[0, 2, 1, 3, 4]], [[0, 4, 2, 1]]], [[[0, 1, 2, 3, 4], [0, 2, 1, 4, 3]], [[0, 2, 1, 3, 4]], []], [[], [[1, 0, 2, 3, 4], [0, 1, 2, 3, 4]], [[0, 4, 2, 1]]], [[[0, 1, 2, 3, 4], [0, 2, 1, 3, 4]], [], [[0, 4, 2, 1]]], [[[0, 1, 2, 4, 3]], [[0, 2, 1, 3, 4]], [[0, 2, 1, 4]]], [[[0, 1, 2, 4, 3]], [[0, 2, 1, 3, 4], [0, 1, 2, 3, 4]], []], [[[0, 2, 1, 4, 3]], [], [[0, 4, 1, 2], [0, 4, 1, 2]]], [[], [[0, 2, 1, 3, 4]], [[0, 4, 1, 2], [0, 4, 1, 2]]]]
[[[[1, 0, 0, 1, 0]], [[2, 0, 2, 1, 1]], []], [[[1, 0, 1, 0, 1]], [], [[1, 1, 2, 1]]], [[], [[2, 0, 1, 2, 1]], [[0, 1, 2, 0]]], [[[0, 0, 0, 2, 1], [1, 0, 2, 1, 2]], [[2, 0, 2, 2, 1]], []], [[], [[0, 1, 0, 2, 1], [2, 2, 2, 2, 1]], [[2, 1, 2, 2]]], [[[0, 1, 0, 1, 1], [1, 2, 2, 2, 1]], [], [[1, 1, 2, 0]]], [[[1, 2, 2, 1, 2]], [[0, 2, 2, 2, 1]], [[2, 0, 0, 1]]], [[[1, 2, 0, 1, 0]], [[0, 2, 2, 2, 1], [2, 2, 2, 2, 1]], []], [[[0, 1, 2, 1, 0]], [], [[2, 1, 2, 1], [2, 1, 0, 0]]], [[], [[0, 0, 2, 2, 1]], [[1, 1, 1, 2], [0, 1, 1, 2]]]]
[[[[0, 1, 0, 2, 1]], [[0, 0, 1, 1, 2]], []], [[[0, 1, 2, 1, 2]], [], [[0, 2, 1, 0]]], [[], [[0, 0, 1, 0, 2]], [[0, 0, 1, 1]]], [[[0, 1, 0, 0, 0], [0, 0, 1, 2, 0]], [[0, 0, 1, 0, 0]], []], [[], [[1, 0, 0, 0, 0], [0, 1, 1, 0, 2]], [[0, 0, 1, 1]]], [[[0, 1, 0, 1, 0], [0, 1, 1, 0, 0]], [], [[0, 2, 1, 1]]], [[[0, 1, 1, 0, 0]], [[0, 1, 1, 0, 0]], [[0, 0, 1, 2]]], [[[0, 1, 0, 0, 1]], [[0, 1, 1, 0, 0], [0, 1, 1, 0, 2]], []], [[[0, 2, 1, 0, 1]], [], [[0, 0, 1, 2], [0, 0, 1, 0]]], [[], [[0, 0, 1, 0, 0]], [[0, 0, 1, 1], [0, 2, 1, 1]]]]
[[[[4, 135, 189, 206, 255]], [[6, 198, 367, 480, 493]], []], [[[9, 143, 161, 221, 350]], [], [[15, 287, 377, 514]]], [[], [[12, 171, 427, 455, 497]], [[3, 83, 433, 463]]], [[[13, 92, 128, 176, 252], [21, 162, 205, 219, 326]], [[34, 241, 304, 403, 457]], []], [[], [[24, 242, 285, 405, 459], [18, 68, 112, 220, 354]], [[25, 262, 413, 420]]], [[[38, 128, 215, 294, 383], [26, 128, 244, 286, 369]], [], [[32, 64, 338, 368]]], [[[38, 98, 165, 189, 320]], [[48, 83, 135, 222, 375]], [[41, 273, 299, 398]]], [[[43, 150, 188, 275, 355]], [[53, 190, 270, 297, 415], [50, 229, 355, 401, 444]], []], [[[63, 149, 251, 316, 328]], [], [[57, 176, 385, 471], [60, 98, 308, 346]]], [[], [[73, 111, 262, 295, 413]], [[49, 90, 113, 343], [81, 226, 326, 463]]]]

9331 6074.5999999999985 √
[2, 7, 6] [7, 3, 8]
[[[[0, 1, 3, 2, 4]], [[1, 0, 2, 3, 4]], []], [[[0, 2, 1, 4, 3]], [], [[0, 1, 4, 2]]], [[], [[1, 0, 2, 3, 4]], [[0, 2, 1, 4]]], [[[0, 2, 1, 4, 3], [0, 1, 3, 2, 4]], [[1, 0, 2, 3, 4]], []], [[], [[0, 1, 2, 3, 4], [0, 2, 1, 3, 4]], [[0, 4, 2, 1]]], [[[0, 1, 2, 4, 3], [0, 1, 2, 3, 4]], [], [[0, 1, 2, 4]]], [[[0, 2, 1, 4, 3]], [[0, 2, 1, 3, 4]], [[0, 2, 1, 4]]], [[[0, 1, 2, 3, 4]], [[0, 1, 2, 3, 4], [1, 0, 2, 3, 4]], []], [[[0, 1, 2, 3, 4]], [], [[0, 4, 1, 2], [0, 4, 2, 1]]], [[], [[0, 2, 1, 3, 4]], [[0, 1, 4, 2], [0, 2, 1, 4]]]]
[[[[0, 2, 1, 1, 1]], [[2, 0, 0, 2, 1]], []], [[[2, 1, 2, 1, 2]], [], [[0, 0, 1, 0]]], [[], [[1, 2, 2, 0, 1]], [[1, 2, 0, 1]]], [[[2, 2, 2, 1, 0], [1, 1, 1, 0, 1]], [[1, 0, 0, 2, 1]], []], [[], [[2, 2, 0, 2, 1], [2, 0, 0, 2, 1]], [[1, 1, 2, 2]]], [[[1, 2, 0, 1, 2], [1, 0, 2, 2, 1]], [], [[0, 1, 1, 1]]], [[[0, 2, 0, 1, 1]], [[0, 0, 2, 2, 1]], [[1, 0, 2, 1]]], [[[1, 1, 0, 2, 1]], [[1, 0, 2, 0, 1], [2, 0, 0, 0, 1]], []], [[[0, 1, 1, 1, 1]], [], [[1, 1, 0, 0], [0, 1, 0, 2]]], [[], [[2, 1, 2, 0, 1]], [[1, 2, 1, 0], [2, 2, 0, 1]]]]
[[[[0, 1, 1, 2, 0]], [[1, 0, 0, 0, 0]], []], [[[0, 2, 1, 0, 0]], [], [[0, 1, 0, 0]]], [[], [[1, 0, 1, 1, 2]], [[0, 1, 1, 0]]], [[[0, 1, 1, 0, 1], [0, 1, 1, 0, 0]], [[1, 0, 0, 0, 2]], []], [[], [[0, 1, 0, 0, 2], [0, 0, 1, 0, 2]], [[0, 0, 1, 1]]], [[[0, 1, 0, 2, 0], [0, 1, 1, 0, 0]], [], [[0, 1, 2, 0]]], [[[0, 1, 1, 2, 1]], [[0, 0, 1, 0, 2]], [[0, 0, 1, 2]]], [[[0, 1, 0, 0, 2]], [[0, 1, 1, 1, 2], [1, 0, 0, 1, 2]], []], [[[0, 1, 2, 1, 2]], [], [[0, 2, 1, 0], [0, 2, 0, 1]]], [[], [[0, 2, 1, 1, 2]], [[0, 1, 2, 0], [0, 1, 1, 0]]]]
[[[[5, 111, 174, 202, 256]], [[11, 109, 364, 394, 471]], []], [[[2, 144, 253, 326, 358]], [], [[11, 62, 371, 441]]], [[], [[22, 154, 168, 380, 424]], [[1, 241, 394, 460]]], [[[26, 101, 191, 254, 291], [7, 213, 220, 245, 330]], [[29, 270, 311, 390, 432]], []], [[], [[66, 332, 355, 392, 436], [36, 173, 228, 367, 399]], [[46, 100, 345, 399]]], [[[52, 136, 202, 314, 321], [70, 137, 206, 217, 328]], [], [[16, 163, 191, 378]]], [[[26, 126, 145, 285, 291]], [[36, 122, 228, 268, 354]], [[76, 412, 441, 493]]], [[[82, 123, 164, 289, 313]], [[62, 93, 176, 385, 428], [47, 189, 211, 282, 395]], []], [[[46, 118, 146, 153, 242]], [], [[88, 415, 469, 487], [52, 345, 437, 466]]], [[], [[72, 270, 374, 423, 483]], [[90, 273, 409, 460], [79, 88, 251, 453]]]]

15329 5480.800000000001 √
[2, 8, 6] [7, 3, 8]
[[[[0, 1, 2, 4, 3]], [[1, 0, 2, 3, 4]], []], [[[0, 1, 2, 4, 3]], [], [[0, 1, 4, 2]]], [[], [[0, 1, 2, 3, 4]], [[0, 1, 2, 4]]], [[[0, 2, 1, 3, 4], [0, 1, 2, 3, 4]], [[0, 2, 1, 3, 4]], []], [[], [[0, 1, 2, 3, 4], [1, 0, 2, 3, 4]], [[0, 2, 1, 4]]], [[[0, 1, 3, 2, 4], [0, 1, 3, 2, 4]], [], [[0, 1, 2, 4]]], [[[0, 1, 2, 4, 3]], [[0, 1, 2, 3, 4]], [[0, 1, 4, 2]]], [[[0, 1, 2, 3, 4]], [[0, 2, 1, 3, 4], [0, 1, 2, 3, 4]], []], [[[0, 2, 1, 3, 4]], [], [[0, 2, 1, 4], [0, 1, 4, 2]]], [[], [[0, 2, 1, 3, 4]], [[0, 2, 1, 4], [0, 4, 2, 1]]]]
[[[[1, 1, 1, 1, 2]], [[0, 2, 2, 2, 1]], []], [[[2, 2, 1, 1, 1]], [], [[1, 1, 1, 0]]], [[], [[2, 2, 2, 2, 1]], [[2, 1, 1, 1]]], [[[0, 0, 2, 2, 1], [0, 0, 1, 0, 1]], [[0, 0, 1, 2, 1]], []], [[], [[1, 0, 0, 2, 1], [0, 0, 2, 2, 1]], [[1, 0, 2, 1]]], [[[2, 0, 0, 2, 1], [1, 1, 1, 0, 1]], [], [[2, 2, 2, 1]]], [[[0, 0, 0, 1, 0]], [[1, 0, 0, 2, 1]], [[0, 0, 1, 2]]], [[[1, 2, 2, 2, 1]], [[0, 0, 0, 1, 1], [1, 0, 2, 2, 1]], []], [[[0, 2, 1, 2, 1]], [], [[2, 2, 0, 1], [1, 1, 1, 1]]], [[], [[0, 0, 2, 2, 1]], [[1, 0, 1, 1], [1, 1, 0, 2]]]]
[[[[0, 1, 2, 2, 0]], [[1, 0, 1, 0, 0]], []], [[[0, 1, 2, 0, 1]], [], [[0, 1, 2, 0]]], [[], [[0, 1, 1, 0, 0]], [[0, 1, 2, 2]]], [[[0, 0, 1, 0, 0], [0, 1, 2, 1, 0]], [[0, 0, 1, 0, 0]], []], [[], [[0, 1, 0, 0, 0], [1, 0, 1, 0, 0]], [[0, 0, 1, 2]]], [[[0, 1, 1, 1, 0], [0, 1, 1, 0, 2]], [], [[0, 1, 1, 2]]], [[[0, 1, 0, 2, 1]], [[0, 1, 0, 0, 0]], [[0, 1, 0, 1]]], [[[0, 1, 1, 0, 0]], [[0, 0, 1, 1, 0], [0, 1, 1, 0, 2]], []], [[[0, 1, 1, 0, 0]], [], [[0, 1, 1, 2], [0, 1, 2, 2]]], [[], [[0, 0, 1, 0, 0]], [[0, 0, 1, 2], [0, 0, 0, 1]]]]
[[[[4, 109, 130, 162, 250]], [[7, 241, 302, 365, 457]], []], [[[2, 43, 132, 145, 168]], [], [[10, 65, 442, 498]]], [[], [[12, 261, 389, 407, 486]], [[19, 301, 510, 524]]], [[[27, 111, 117, 153, 204], [30, 118, 191, 332, 380]], [[40, 145, 351, 435, 541]], []], [[], [[19, 273, 296, 405, 484], [13, 351, 417, 433, 539]], [[12, 87, 374, 518]]], [[[24, 203, 257, 292, 325], [27, 262, 269, 313, 342]], [], [[29, 312, 443, 609]]], [[[50, 126, 222, 237, 248]], [[46, 279, 378, 487, 594]], [[56, 159, 422, 464]]], [[[32, 124, 142, 277, 291]], [[68, 179, 231, 362, 412], [42, 322, 349, 369, 471]], []], [[[78, 139, 217, 229, 249]], [], [[32, 325, 392, 573], [51, 390, 501, 618]]], [[], [[98, 188, 334, 367, 459]], [[53, 362, 551, 579], [55, 91, 366, 471]]]]

13235 5939.9 √
[2, 8, 6] [7, 3, 8]
[[[[0, 2, 1, 3, 4]], [[0, 1, 2, 3, 4]], []], [[[0, 2, 1, 3, 4]], [], [[0, 1, 4, 2]]], [[], [[1, 0, 2, 3, 4]], [[0, 2, 4, 1]]], [[[0, 2, 1, 4, 3], [0, 1, 2, 3, 4]], [[1, 0, 2, 3, 4]], []], [[], [[0, 2, 1, 3, 4], [0, 1, 2, 3, 4]], [[0, 1, 2, 4]]], [[[0, 2, 1, 4, 3], [0, 1, 3, 2, 4]], [], [[0, 1, 2, 4]]], [[[0, 2, 1, 4, 3]], [[0, 1, 2, 3, 4]], [[0, 1, 2, 4]]], [[[0, 2, 1, 4, 3]], [[0, 1, 2, 3, 4], [1, 0, 2, 3, 4]], []], [[[0, 1, 2, 3, 4]], [], [[0, 1, 2, 4], [0, 1, 4, 2]]], [[], [[0, 2, 1, 3, 4]], [[0, 1, 2, 4], [0, 2, 1, 4]]]]
[[[[0, 1, 1, 1, 1]], [[1, 1, 0, 2, 1]], []], [[[0, 2, 2, 2, 1]], [], [[2, 2, 1, 2]]], [[], [[0, 0, 2, 2, 1]], [[1, 1, 1, 2]]], [[[0, 0, 1, 1, 1], [0, 2, 0, 2, 1]], [[1, 0, 0, 0, 1]], []], [[], [[0, 2, 0, 2, 1], [1, 2, 2, 2, 1]], [[0, 0, 0, 1]]], [[[0, 0, 2, 1, 2], [1, 0, 2, 0, 1]], [], [[2, 1, 1, 1]]], [[[2, 0, 0, 1, 2]], [[2, 0, 2, 2, 1]], [[1, 0, 0, 1]]], [[[0, 2, 1, 1, 0]], [[0, 2, 0, 1, 1], [2, 2, 0, 2, 1]], []], [[[2, 1, 2, 0, 1]], [], [[2, 2, 0, 1], [2, 1, 1, 0]]], [[], [[2, 0, 1, 0, 1]], [[1, 1, 1, 1], [0, 0, 0, 1]]]]
[[[[0, 2, 1, 1, 0]], [[0, 1, 0, 0, 0]], []], [[[0, 1, 1, 0, 0]], [], [[0, 1, 2, 1]]], [[], [[1, 0, 1, 0, 2]], [[0, 2, 2, 1]]], [[[0, 0, 1, 0, 1], [0, 1, 0, 0, 0]], [[1, 0, 0, 1, 2]], []], [[], [[0, 1, 1, 0, 0], [0, 1, 1, 0, 0]], [[0, 1, 0, 0]]], [[[0, 0, 1, 0, 0], [0, 1, 0, 0, 2]], [], [[0, 1, 2, 2]]], [[[0, 0, 1, 2, 0]], [[0, 1, 1, 0, 0]], [[0, 1, 0, 0]]], [[[0, 1, 1, 0, 1]], [[0, 1, 0, 1, 0], [1, 0, 0, 0, 2]], []], [[[0, 1, 1, 1, 2]], [], [[0, 1, 0, 0], [0, 1, 0, 0]]], [[], [[0, 0, 1, 1, 0]], [[0, 1, 2, 2], [0, 0, 1, 0]]]]
[[[[5, 138, 154, 206, 320]], [[8, 244, 285, 329, 480]], []], [[[8, 95, 204, 219, 232]], [], [[1, 296, 373, 414]]], [[], [[25, 220, 426, 442, 559]], [[1, 67, 264, 334]]], [[[11, 110, 159, 179, 329], [14, 138, 158, 171, 318]], [[38, 119, 167, 205, 446]], []], [[], [[41, 239, 329, 444, 572], [12, 38, 311, 352, 532]], [[49, 366, 388, 542]]], [[[59, 111, 145, 181, 190], [20, 191, 225, 267, 278]], [], [[4, 285, 382, 517]]], [[[9, 132, 139, 200, 287]], [[19, 250, 271, 327, 478]], [[26, 82, 317, 490]]], [[[62, 98, 149, 183, 339]], [[72, 105, 176, 391, 434], [30, 124, 276, 350, 507]], []], [[[53, 105, 160, 299, 409]], [], [[58, 79, 357, 423], [61, 294, 353, 509]]], [[], [[70, 233, 458, 495, 574]], [[55, 75, 94, 123], [97, 384, 518, 584]]]]

14681 5820.099999999999 √
[2, 7, 6] [7, 5, 8]
[[[[0, 1, 3, 2, 4]], [[0, 1, 2, 3, 4]], []], [[[0, 1, 2, 4, 3]], [], [[0, 2, 1, 4]]], [[], [[1, 0, 2, 3, 4]], [[0, 2, 4, 1]]], [[[0, 1, 2, 4, 3], [0, 2, 1, 4, 3]], [[0, 1, 2, 3, 4]], []], [[], [[0, 2, 1, 3, 4], [0, 2, 1, 3, 4]], [[0, 4, 2, 1]]], [[[0, 2, 1, 4, 3], [0, 2, 1, 3, 4]], [], [[0, 1, 2, 4]]], [[[0, 2, 1, 3, 4]], [[0, 1, 2, 3, 4]], [[0, 4, 2, 1]]], [[[0, 1, 2, 3, 4]], [[0, 1, 2, 3, 4], [0, 2, 1, 3, 4]], []], [[[0, 2, 1, 4, 3]], [], [[0, 4, 1, 2], [0, 2, 4, 1]]], [[], [[0, 2, 1, 3, 4]], [[0, 2, 4, 1], [0, 4, 1, 2]]]]
[[[[0, 1, 2, 1, 1]], [[1, 2, 2, 2, 1]], []], [[[1, 0, 0, 1, 2]], [], [[2, 2, 0, 1]]], [[], [[0, 0, 0, 2, 1]], [[1, 0, 1, 2]]], [[[2, 0, 1, 1, 0], [1, 0, 0, 1, 0]], [[0, 2, 2, 2, 1]], []], [[], [[2, 1, 0, 0, 1], [1, 0, 0, 0, 1]], [[2, 1, 0, 0]]], [[[0, 0, 0, 1, 2], [2, 2, 2, 1, 1]], [], [[1, 2, 0, 1]]], [[[2, 0, 1, 0, 1]], [[2, 2, 0, 2, 1]], [[1, 1, 0, 1]]], [[[2, 2, 2, 1, 1]], [[2, 0, 2, 1, 1], [2, 0, 0, 1, 1]], []], [[[2, 1, 1, 1, 0]], [], [[1, 1, 1, 2], [1, 2, 1, 0]]], [[], [[2, 2, 2, 2, 1]], [[2, 1, 1, 2], [1, 1, 1, 0]]]]
[[[[0, 1, 0, 2, 0]], [[0, 1, 1, 0, 2]], []], [[[0, 1, 0, 0, 0]], [], [[0, 1, 1, 2]]], [[], [[1, 0, 0, 0, 0]], [[0, 0, 0, 1]]], [[[0, 1, 2, 0, 1], [0, 0, 1, 2, 1]], [[0, 1, 1, 0, 0]], []], [[], [[0, 2, 1, 1, 0], [0, 0, 1, 1, 2]], [[0, 2, 0, 1]]], [[[0, 0, 1, 0, 0], [0, 1, 1, 1, 0]], [], [[0, 1, 0, 0]]], [[[0, 0, 1, 1, 0]], [[0, 1, 0, 0, 2]], [[0, 2, 0, 1]]], [[[0, 1, 1, 1, 2]], [[0, 1, 1, 1, 0], [0, 0, 1, 1, 0]], []], [[[0, 2, 1, 0, 1]], [], [[0, 0, 1, 1], [0, 1, 2, 1]]], [[], [[0, 1, 1, 0, 0]], [[0, 2, 2, 1], [0, 0, 1, 0]]]]
[[[[5, 109, 200, 328, 343]], [[5, 170, 373, 389, 508]], []], [[[13, 116, 191, 305, 311]], [], [[1, 212, 540, 584]]], [[], [[16, 96, 397, 421, 521]], [[19, 85, 487, 514]]], [[[6, 68, 196, 341, 350], [25, 135, 142, 238, 265]], [[32, 322, 399, 423, 599]], []], [[], [[16, 203, 438, 531, 601], [35, 251, 414, 426, 504]], [[23, 273, 368, 549]]], [[[42, 53, 60, 178, 194], [28, 87, 159, 244, 345]], [], [[40, 428, 567, 637]]], [[[32, 109, 117, 197, 347]], [[42, 178, 217, 361, 398]], [[42, 462, 503, 611]]], [[[50, 119, 149, 156, 266]], [[60, 157, 345, 385, 413], [66, 174, 234, 358, 374]], []], [[[74, 98, 122, 221, 377]], [], [[44, 292, 440, 469], [46, 217, 468, 516]]], [[], [[101, 133, 330, 363, 411]], [[108, 317, 428, 522], [48, 58, 73, 507]]]]

1705.609375