9113 6568.5 √
[2, 8, 6] [7, 3, 8]
[[[[0, 1, 2, 4, 3]], [[0, 1, 2, 3, 4]], []], [[[0, 2, 1, 3, 4]], [], [[0, 2, 4, 1]]], [[], [[0, 2, 1, 3, 4]], [[0, 4, 1, 2]]], [[[0, 1, 3, 2, 4], [0, 1, 2, 4, 3]], [[1, 0, 2, 3, 4]], []], [[], [[1, 0, 2, 3, 4], [1, 0, 2, 3, 4]], [[0, 4, 2, 1]]], [[[0, 2, 1, 4, 3], [0, 2, 1, 3, 4]], [], [[0, 2, 1, 4]]], [[[0, 2, 1, 4, 3]], [[0, 2, 1, 3, 4]], [[0, 4, 1, 2]]], [[[0, 2, 1, 4, 3]], [[1, 0, 2, 3, 4], [1, 0, 2, 3, 4]], []], [[[0, 2, 1, 3, 4]], [], [[0, 4, 2, 1], [0, 2, 1, 4]]], [[], [[0, 1, 2, 3, 4]], [[0, 4, 1, 2], [0, 2, 1, 4]]]]
[[[[0, 1, 0, 1, 2]], [[2, 2, 0, 1, 1]], []], [[[0, 0, 2, 1, 1]], [], [[0, 0, 1, 2]]], [[], [[0, 2, 2, 2, 1]], [[2, 1, 2, 2]]], [[[0, 1, 2, 0, 1], [0, 1, 0, 1, 2]], [[0, 0, 2, 2, 1]], []], [[], [[1, 2, 0, 2, 1], [0, 1, 0, 2, 1]], [[2, 1, 0, 0]]], [[[2, 0, 0, 1, 2], [1, 2, 2, 2, 1]], [], [[2, 2, 2, 1]]], [[[0, 2, 2, 1, 0]], [[2, 0, 0, 2, 1]], [[1, 1, 0, 1]]], [[[2, 0, 2, 1, 2]], [[2, 1, 0, 0, 1], [1, 2, 0, 0, 1]], []], [[[2, 1, 0, 1, 1]], [], [[0, 1, 0, 2], [1, 0, 2, 1]]], [[], [[1, 2, 0, 0, 1]], [[2, 1, 2, 0], [2, 2, 2, 1]]]]
[[[[0, 1, 0, 2, 0]], [[0, 1, 0, 1, 0]], []], [[[0, 0, 1, 1, 0]], [], [[0, 0, 0, 1]]], [[], [[0, 1, 1, 0, 2]], [[0, 0, 1, 1]]], [[[0, 1, 0, 0, 0], [0, 1, 0, 2, 0]], [[1, 0, 1, 0, 0]], []], [[], [[1, 0, 0, 0, 0], [1, 0, 0, 0, 0]], [[0, 2, 0, 1]]], [[[0, 0, 1, 0, 0], [0, 1, 1, 0, 0]], [], [[0, 1, 1, 2]]], [[[0, 1, 1, 2, 1]], [[0, 0, 1, 0, 0]], [[0, 2, 1, 2]]], [[[0, 0, 1, 2, 0]], [[1, 0, 0, 1, 0], [1, 0, 0, 1, 2]], []], [[[0, 2, 1, 1, 0]], [], [[0, 0, 0, 1], [0, 0, 1, 0]]], [[], [[0, 1, 0, 1, 2]], [[0, 2, 1, 0], [0, 1, 1, 2]]]]
[[[[5, 102, 165, 261, 296]], [[6, 91, 209, 409, 440]], []], [[[8, 108, 117, 131, 208]], [], [[14, 115, 393, 435]]], [[], [[26, 203, 307, 333, 460]], [[13, 218, 466, 487]]], [[[36, 107, 242, 253, 325], [39, 112, 166, 282, 338]], [[50, 126, 195, 231, 383]], []], [[], [[33, 222, 425, 461, 484], [56, 230, 416, 459, 482]], [[16, 268, 326, 439]]], [[[39, 139, 146, 168, 236], [4, 132, 142, 248, 294]], [], [[44, 82, 317, 360]]], [[[89, 107, 181, 195, 276]], [[53, 175, 226, 285, 442]], [[10, 340, 396, 467]]], [[[61, 73, 174, 196, 290]], [[24, 54, 262, 312, 444], [68, 160, 296, 337, 456]], []], [[[65, 91, 190, 303, 377]], [], [[95, 155, 351, 443], [12, 80, 355, 429]]], [[], [[19, 269, 459, 475, 510]], [[70, 247, 474, 507], [73, 260, 347, 499]]]]

11402 6023.4 √
[2, 8, 6] [7, 3, 8]
[[[[0, 1, 2, 3, 4]], [[1, 0, 2, 3, 4]], []], [[[0, 2, 1, 4, 3]], [], [[0, 4, 2, 1]]], [[], [[0, 1, 2, 3, 4]], [[0, 1, 2, 4]]], [[[0, 1, 2, 3, 4], [0, 1, 2, 4, 3]], [[0, 2, 1, 3, 4]], []], [[], [[0, 1, 2, 3, 4], [0, 1, 2, 3, 4]], [[0, 2, 4, 1]]], [[[0, 2, 1, 3, 4], [0, 1, 3, 2, 4]], [], [[0, 2, 4, 1]]], [[[0, 1, 2, 4, 3]], [[0, 1, 2, 3, 4]], [[0, 1, 2, 4]]], [[[0, 1, 2, 3, 4]], [[0, 2, 1, 3, 4], [0, 2, 1, 3, 4]], []], [[[0, 1, 2, 4, 3]], [], [[0, 4, 2, 1], [0, 2, 1, 4]]], [[], [[1, 0, 2, 3, 4]], [[0, 2, 1, 4], [0, 4, 2, 1]]]]
[[[[2, 0, 0, 0, 1]], [[2, 0, 0, 2, 1]], []], [[[1, 0, 2, 1, 2]], [], [[2, 1, 1, 2]]], [[], [[2, 1, 0, 0, 1]], [[2, 2, 1, 1]]], [[[2, 0, 2, 2, 1], [1, 0, 0, 1, 0]], [[1, 2, 1, 2, 1]], []], [[], [[0, 1, 0, 1, 1], [2, 0, 0, 2, 1]], [[2, 0, 1, 0]]], [[[1, 0, 2, 2, 1], [1, 2, 2, 1, 1]], [], [[1, 1, 1, 2]]], [[[0, 0, 2, 1, 2]], [[1, 2, 2, 0, 1]], [[1, 0, 1, 1]]], [[[2, 0, 1, 2, 1]], [[2, 0, 2, 2, 1], [2, 0, 0, 0, 1]], []], [[[0, 0, 0, 1, 2]], [], [[2, 1, 2, 2], [1, 2, 0, 1]]], [[], [[2, 1, 0, 2, 1]], [[2, 1, 1, 1], [0, 1, 1, 2]]]]
[[[[0, 1, 0, 1, 0]], [[1, 0, 0, 0, 2]], []], [[[0, 0, 1, 0, 0]], [], [[0, 2, 2, 1]]], [[], [[0, 1, 0, 1, 0]], [[0, 1, 2, 2]]], [[[0, 1, 1, 0, 0], [0, 1, 0, 2, 1]], [[0, 1, 1, 0, 2]], []], [[], [[0, 1, 0, 1, 0], [0, 1, 0, 0, 0]], [[0, 0, 2, 1]]], [[[0, 0, 1, 0, 0], [0, 1, 0, 2, 0]], [], [[0, 2, 0, 1]]], [[[0, 1, 1, 0, 0]], [[0, 1, 1, 1, 0]], [[0, 1, 2, 0]]], [[[0, 1, 2, 0, 0]], [[0, 0, 1, 0, 0], [0, 0, 1, 1, 2]], []], [[[0, 1, 0, 0, 0]], [], [[0, 0, 1, 1], [0, 1, 1, 0]]], [[], [[1, 0, 0, 0, 0]], [[0, 2, 1, 0], [0, 2, 2, 1]]]]
[[[[2, 45, 170, 188, 308]], [[11, 178, 256, 318, 402]], []], [[[4, 130, 163, 177, 264]], [], [[33, 194, 320, 402]]], [[], [[42, 121, 342, 371, 496]], [[49, 108, 295, 340]]], [[[54, 63, 138, 222, 281], [9, 137, 247, 265, 302]], [[19, 200, 361, 389, 483]], []], [[], [[26, 238, 333, 440, 456], [64, 204, 265, 320, 415]], [[71, 280, 334, 390]]], [[[56, 169, 175, 216, 277], [61, 123, 149, 162, 179]], [], [[67, 349, 506, 548]]], [[[5, 93, 190, 279, 343]], [[74, 275, 290, 376, 524]], [[79, 149, 351, 513]]], [[[76, 85, 111, 228, 283]], [[86, 221, 302, 322, 417], [92, 230, 292, 317, 398]], []], [[[8, 37, 129, 211, 234]], [], [[99, 221, 330, 394], [81, 251, 356, 534]]], [[], [[19, 48, 112, 243, 381]], [[102, 255, 427, 466], [14, 96, 393, 430]]]]

11004 6540.299999999999 √
[2, 8, 6] [7, 3, 8]
[[[[0, 2, 1, 4, 3]], [[1, 0, 2, 3, 4]], []], [[[0, 1, 2, 4, 3]], [], [[0, 1, 4, 2]]], [[], [[0, 2, 1, 3, 4]], [[0, 1, 4, 2]]], [[[0, 1, 2, 3, 4], [0, 1, 2, 3, 4]], [[1, 0, 2, 3, 4]], []], [[], [[0, 2, 1, 3, 4], [1, 0, 2, 3, 4]], [[0, 2, 1, 4]]], [[[0, 1, 3, 2, 4], [0, 1, 2, 3, 4]], [], [[0, 2, 1, 4]]], [[[0, 2, 1, 3, 4]], [[1, 0, 2, 3, 4]], [[0, 2, 1, 4]]], [[[0, 1, 2, 4, 3]], [[0, 1, 2, 3, 4], [0, 1, 2, 3, 4]], []], [[[0, 1, 2, 4, 3]], [], [[0, 2, 1, 4], [0, 2, 4, 1]]], [[], [[1, 0, 2, 3, 4]], [[0, 1, 4, 2], [0, 2, 4, 1]]]]
[[[[1, 2, 0, 1, 2]], [[2, 1, 2, 0, 1]], []], [[[0, 2, 0, 1, 2]], [], [[1, 2, 1, 0]]], [[], [[1, 2, 2, 1, 1]], [[0, 0, 1, 2]]], [[[0, 2, 2, 0, 1], [1, 1, 0, 0, 1]], [[0, 2, 0, 2, 1]], []], [[], [[0, 2, 2, 2, 1], [0, 1, 0, 1, 1]], [[1, 0, 0, 1]]], [[[1, 1, 1, 2, 1], [1, 1, 2, 0, 1]], [], [[1, 0, 1, 1]]], [[[1, 0, 1, 0, 1]], [[2, 0, 0, 2, 1]], [[2, 1, 0, 1]]], [[[0, 1, 2, 1, 2]], [[2, 2, 0, 0, 1], [1, 2, 2, 2, 1]], []], [[[2, 2, 0, 1, 2]], [], [[1, 2, 2, 1], [2, 0, 1, 2]]], [[], [[0, 0, 2, 2, 1]], [[2, 2, 1, 2], [0, 0, 1, 2]]]]
[[[[0, 1, 1, 0, 0]], [[1, 0, 1, 1, 0]], []], [[[0, 1, 0, 2, 0]], [], [[0, 1, 0, 0]]], [[], [[0, 1, 1, 1, 0]], [[0, 1, 0, 1]]], [[[0, 1, 1, 1, 2], [0, 1, 0, 1, 2]], [[1, 0, 0, 0, 2]], []], [[], [[0, 1, 1, 0, 0], [1, 0, 0, 1, 2]], [[0, 0, 1, 2]]], [[[0, 1, 1, 1, 0], [0, 1, 1, 1, 0]], [], [[0, 0, 1, 2]]], [[[0, 0, 1, 1, 0]], [[1, 0, 0, 0, 2]], [[0, 2, 1, 2]]], [[[0, 1, 1, 2, 0]], [[0, 1, 0, 1, 2], [0, 1, 1, 0, 0]], []], [[[0, 1, 0, 2, 0]], [], [[0, 1, 1, 0], [0, 0, 0, 1]]], [[], [[1, 0, 1, 0, 0]], [[0, 1, 0, 1], [0, 0, 0, 1]]]]
[[[[4, 154, 201, 226, 305]], [[12, 164, 336, 378, 517]], []], [[[5, 88, 220, 244, 358]], [], [[10, 321, 468, 525]]], [[], [[17, 109, 264, 403, 419]], [[11, 363, 454, 496]]], [[[21, 95, 157, 165, 245], [25, 179, 194, 247, 279]], [[32, 139, 339, 371, 504]], []], [[], [[48, 167, 256, 316, 375], [61, 107, 141, 287, 341]], [[31, 354, 396, 547]]], [[[37, 145, 204, 234, 262], [42, 184, 196, 308, 327]], [], [[48, 109, 351, 390]]], [[[54, 186, 197, 238, 329]], [[4, 228, 267, 369, 437]], [[26, 249, 387, 495]]], [[[75, 88, 125, 135, 219]], [[35, 73, 294, 323, 433], [64, 203, 289, 367, 421]], []], [[[43, 62, 185, 243, 352]], [], [[69, 379, 386, 527], [48, 282, 475, 517]]], [[], [[86, 124, 244, 314, 373]], [[51, 274, 461, 503], [98, 113, 307, 394]]]]

1828.5625