12439 5521.699999999999 √
[2, 8, 6] [7, 3, 8]
[[[[0, 2, 1, 4, 3]], [[0, 1, 2, 3, 4]], []], [[[0, 2, 1, 4, 3]], [], [[0, 4, 1, 2]]], [[], [[1, 0, 2, 3, 4]], [[0, 4, 1, 2]]], [[[0, 2, 1, 4, 3], [0, 1, 2, 3, 4]], [[0, 2, 1, 3, 4]], []], [[], [[0, 2, 1, 3, 4], [1, 0, 2, 3, 4]], [[0, 1, 4, 2]]], [[[0, 2, 1, 3, 4], [0, 2, 1, 4, 3]], [], [[0, 4, 1, 2]]], [[[0, 1, 2, 4, 3]], [[0, 2, 1, 3, 4]], [[0, 4, 1, 2]]], [[[0, 1, 2, 3, 4]], [[1, 0, 2, 3, 4], [0, 2, 1, 3, 4]], []], [[[0, 2, 1, 3, 4]], [], [[0, 1, 4, 2], [0, 1, 2, 4]]], [[], [[0, 2, 1, 3, 4]], [[0, 1, 2, 4], [0, 2, 1, 4]]]]
[[[[2, 0, 2, 1, 0]], [[2, 2, 0, 2, 1]], []], [[[2, 2, 2, 1, 0]], [], [[1, 1, 1, 1]]], [[], [[0, 1, 0, 1, 1]], [[1, 1, 2, 0]]], [[[2, 2, 1, 1, 2], [2, 2, 0, 0, 1]], [[1, 2, 2, 0, 1]], []], [[], [[1, 1, 1, 2, 1], [0, 2, 0, 2, 1]], [[2, 0, 1, 0]]], [[[0, 0, 0, 0, 1], [0, 2, 2, 1, 1]], [], [[1, 1, 2, 2]]], [[[1, 1, 1, 1, 0]], [[0, 0, 0, 2, 1]], [[0, 1, 1, 0]]], [[[0, 0, 1, 1, 1]], [[2, 2, 2, 1, 1], [1, 2, 2, 2, 1]], []], [[[0, 2, 1, 1, 1]], [], [[0, 2, 1, 2], [1, 1, 1, 1]]], [[], [[0, 2, 0, 0, 1]], [[0, 2, 1, 1], [0, 0, 0, 1]]]]
[[[[0, 0, 1, 2, 1]], [[0, 1, 0, 0, 0]], []], [[[0, 1, 1, 2, 1]], [], [[0, 0, 1, 2]]], [[], [[1, 0, 0, 1, 2]], [[0, 0, 1, 0]]], [[[0, 1, 1, 0, 0], [0, 1, 0, 1, 2]], [[0, 1, 1, 1, 2]], []], [[], [[0, 2, 1, 0, 0], [1, 0, 0, 0, 2]], [[0, 1, 0, 0]]], [[[0, 0, 1, 1, 0], [0, 1, 1, 0, 1]], [], [[0, 2, 1, 1]]], [[[0, 1, 2, 2, 1]], [[0, 0, 1, 0, 0]], [[0, 2, 1, 0]]], [[[0, 1, 2, 1, 2]], [[1, 0, 1, 1, 0], [0, 1, 1, 0, 2]], []], [[[0, 1, 1, 1, 0]], [], [[0, 1, 0, 1], [0, 1, 2, 2]]], [[], [[0, 1, 1, 1, 2]], [[0, 1, 2, 2], [0, 0, 1, 2]]]]
[[[[2, 158, 186, 304, 322]], [[12, 84, 262, 353, 431]], []], [[[20, 63, 233, 281, 331]], [], [[1, 50, 105, 149]]], [[], [[7, 325, 465, 580, 608]], [[3, 243, 483, 603]]], [[[24, 143, 261, 335, 344], [28, 73, 223, 242, 398]], [[10, 99, 375, 449, 513]], []], [[], [[35, 287, 450, 478, 596], [13, 172, 351, 391, 565]], [[51, 229, 542, 599]]], [[[27, 105, 178, 203, 318], [30, 115, 128, 210, 344]], [], [[15, 70, 253, 411]]], [[[21, 97, 130, 302, 313]], [[40, 131, 193, 248, 364]], [[48, 138, 374, 433]]], [[[58, 112, 181, 188, 303]], [[37, 272, 363, 442, 553], [31, 200, 398, 424, 569]], []], [[[61, 118, 160, 219, 316]], [], [[67, 210, 496, 538], [40, 82, 147, 405]]], [[], [[79, 153, 368, 444, 479]], [[87, 218, 420, 523], [92, 146, 164, 411]]]]

10630 7142.699999999999 √
[2, 8, 6] [7, 3, 8]
[[[[0, 1, 2, 4, 3]], [[0, 2, 1, 3, 4]], []], [[[0, 1, 2, 3, 4]], [], [[0, 4, 2, 1]]], [[], [[0, 2, 1, 3, 4]], [[0, 2, 1, 4]]], [[[0, 1, 2, 4, 3], [0, 2, 1, 4, 3]], [[0, 1, 2, 3, 4]], []], [[], [[0, 2, 1, 3, 4], [0, 2, 1, 3, 4]], [[0, 4, 1, 2]]], [[[0, 2, 1, 4, 3], [0, 1, 3, 2, 4]], [], [[0, 1, 2, 4]]], [[[0, 2, 1, 3, 4]], [[0, 2, 1, 3, 4]], [[0, 4, 1, 2]]], [[[0, 2, 1, 4, 3]], [[1, 0, 2, 3, 4], [0, 2, 1, 3, 4]], []], [[[0, 2, 1, 3, 4]], [], [[0, 4, 1, 2], [0, 4, 2, 1]]], [[], [[0, 1, 2, 3, 4]], [[0, 1, 2, 4], [0, 2, 1, 4]]]]
[[[[1, 2, 2, 1, 2]], [[1, 0, 2, 0, 1]], []], [[[0, 2, 2, 1, 1]], [], [[1, 1, 0, 1]]], [[], [[0, 0, 0, 2, 1]], [[2, 0, 2, 1]]], [[[0, 1, 0, 1, 0], [1, 2, 2, 1, 2]], [[2, 0, 0, 2, 1]], []], [[], [[1, 2, 0, 0, 1], [1, 2, 2, 2, 1]], [[2, 1, 2, 1]]], [[[0, 2, 0, 1, 2], [2, 2, 2, 2, 1]], [], [[0, 2, 0, 1]]], [[[2, 1, 1, 2, 1]], [[0, 0, 1, 2, 1]], [[1, 1, 2, 1]]], [[[2, 1, 2, 1, 1]], [[2, 0, 1, 2, 1], [1, 0, 0, 2, 1]], []], [[[2, 2, 1, 2, 1]], [], [[2, 1, 0, 2], [0, 1, 2, 2]]], [[], [[1, 2, 0, 2, 1]], [[2, 0, 2, 1], [2, 0, 2, 1]]]]
[[[[0, 1, 1, 2, 0]], [[0, 0, 1, 1, 0]], []], [[[0, 1, 1, 1, 2]], [], [[0, 2, 0, 1]]], [[], [[0, 0, 1, 0, 0]], [[0, 0, 1, 0]]], [[[0, 1, 0, 2, 1], [0, 1, 1, 2, 0]], [[0, 1, 0, 0, 0]], []], [[], [[0, 1, 1, 1, 2], [0, 1, 1, 0, 0]], [[0, 0, 1, 2]]], [[[0, 1, 1, 0, 0], [0, 1, 0, 1, 0]], [], [[0, 1, 0, 2]]], [[[0, 2, 1, 0, 0]], [[0, 0, 1, 0, 0]], [[0, 0, 1, 2]]], [[[0, 2, 1, 0, 1]], [[1, 0, 2, 0, 0], [0, 0, 1, 0, 2]], []], [[[0, 1, 1, 0, 2]], [], [[0, 2, 1, 1], [0, 0, 1, 1]]], [[], [[0, 1, 0, 0, 0]], [[0, 1, 1, 0], [0, 0, 1, 0]]]]
[[[[4, 143, 161, 287, 298]], [[14, 208, 439, 462, 540]], []], [[[5, 70, 118, 144, 237]], [], [[19, 77, 321, 508]]], [[], [[15, 76, 105, 257, 399]], [[1, 294, 369, 550]]], [[[25, 132, 172, 266, 341], [34, 112, 174, 188, 292]], [[10, 138, 155, 309, 403]], []], [[], [[26, 222, 245, 332, 498], [44, 276, 316, 362, 405]], [[17, 301, 392, 529]]], [[[28, 115, 123, 249, 262], [22, 97, 129, 164, 218]], [], [[34, 232, 403, 462]]], [[[26, 119, 137, 196, 314]], [[46, 67, 352, 385, 430]], [[49, 96, 326, 527]]], [[[30, 121, 181, 220, 340]], [[39, 92, 272, 307, 401], [56, 262, 279, 364, 417]], []], [[[54, 158, 198, 248, 374]], [], [[59, 329, 385, 419], [54, 388, 430, 449]]], [[], [[60, 207, 306, 387, 432]], [[83, 178, 339, 442], [86, 196, 346, 481]]]]

11829 6662.800000000001 √
[2, 8, 6] [7, 3, 8]
[[[[0, 2, 1, 4, 3]], [[0, 1, 2, 3, 4]], []], [[[0, 2, 1, 4, 3]], [], [[0, 1, 2, 4]]], [[], [[1, 0, 2, 3, 4]], [[0, 4, 1, 2]]], [[[0, 1, 3, 2, 4], [0, 1, 3, 2, 4]], [[0, 1, 2, 3, 4]], []], [[], [[0, 1, 2, 3, 4], [0, 2, 1, 3, 4]], [[0, 1, 4, 2]]], [[[0, 2, 1, 4, 3], [0, 2, 1, 3, 4]], [], [[0, 4, 1, 2]]], [[[0, 1, 3, 2, 4]], [[0, 2, 1, 3, 4]], [[0, 2, 1, 4]]], [[[0, 1, 3, 2, 4]], [[1, 0, 2, 3, 4], [0, 2, 1, 3, 4]], []], [[[0, 1, 2, 4, 3]], [], [[0, 2, 1, 4], [0, 4, 2, 1]]], [[], [[0, 1, 2, 3, 4]], [[0, 2, 4, 1], [0, 4, 2, 1]]]]
[[[[2, 1, 0, 1, 2]], [[2, 1, 2, 1, 1]], []], [[[1, 1, 1, 1, 2]], [], [[1, 2, 2, 1]]], [[], [[0, 2, 0, 2, 1]], [[1, 1, 2, 2]]], [[[0, 2, 1, 0, 1], [0, 0, 0, 2, 1]], [[1, 2, 0, 2, 1]], []], [[], [[1, 2, 2, 1, 1], [1, 0, 2, 1, 1]], [[1, 2, 1, 0]]], [[[1, 0, 2, 1, 1], [2, 0, 2, 0, 1]], [], [[1, 1, 2, 2]]], [[[1, 2, 0, 0, 1]], [[2, 1, 2, 2, 1]], [[2, 1, 0, 1]]], [[[0, 2, 1, 0, 1]], [[2, 0, 0, 2, 1], [0, 0, 0, 2, 1]], []], [[[0, 1, 0, 1, 2]], [], [[0, 1, 2, 1], [1, 1, 0, 1]]], [[], [[0, 2, 0, 2, 1]], [[1, 0, 1, 1], [2, 1, 2, 2]]]]
[[[[0, 2, 1, 0, 0]], [[0, 1, 1, 1, 0]], []], [[[0, 2, 1, 0, 0]], [], [[0, 1, 1, 2]]], [[], [[1, 0, 0, 0, 2]], [[0, 2, 1, 1]]], [[[0, 1, 1, 0, 0], [0, 1, 1, 1, 0]], [[0, 1, 0, 0, 0]], []], [[], [[0, 1, 1, 1, 0], [0, 0, 1, 1, 2]], [[0, 1, 0, 0]]], [[[0, 0, 1, 2, 1], [0, 0, 1, 1, 0]], [], [[0, 2, 1, 1]]], [[[0, 1, 1, 0, 0]], [[0, 2, 1, 0, 0]], [[0, 2, 1, 2]]], [[[0, 1, 1, 0, 2]], [[1, 0, 0, 0, 0], [0, 0, 1, 0, 0]], []], [[[0, 1, 0, 2, 0]], [], [[0, 2, 1, 2], [0, 0, 0, 1]]], [[], [[0, 1, 0, 0, 0]], [[0, 0, 0, 1], [0, 2, 1, 1]]]]
[[[[2, 156, 186, 218, 278]], [[12, 239, 382, 471, 487]], []], [[[4, 93, 189, 293, 315]], [], [[10, 55, 327, 388]]], [[], [[7, 179, 257, 431, 501]], [[12, 78, 346, 370]]], [[[21, 80, 133, 153, 291], [24, 69, 159, 194, 297]], [[19, 201, 266, 433, 514]], []], [[], [[23, 227, 257, 442, 458], [44, 135, 336, 365, 378]], [[28, 287, 333, 392]]], [[[34, 88, 101, 167, 227], [20, 152, 216, 228, 295]], [], [[49, 259, 440, 461]]], [[[55, 87, 198, 294, 353]], [[30, 173, 394, 410, 489]], [[37, 318, 370, 429]]], [[[27, 94, 196, 293, 314]], [[45, 96, 248, 362, 460], [37, 109, 175, 273, 408]], []], [[[52, 104, 126, 166, 243]], [], [[58, 397, 448, 557], [61, 278, 388, 535]]], [[], [[42, 299, 322, 435, 516]], [[63, 281, 340, 526], [69, 122, 163, 415]]]]

11635 6957.200000000001 √
[2, 8, 6] [7, 3, 8]
[[[[0, 1, 2, 4, 3]], [[1, 0, 2, 3, 4]], []], [[[0, 1, 2, 3, 4]], [], [[0, 2, 4, 1]]], [[], [[1, 0, 2, 3, 4]], [[0, 2, 4, 1]]], [[[0, 2, 1, 4, 3], [0, 2, 1, 4, 3]], [[0, 1, 2, 3, 4]], []], [[], [[0, 2, 1, 3, 4], [0, 2, 1, 3, 4]], [[0, 2, 4, 1]]], [[[0, 2, 1, 3, 4], [0, 1, 2, 4, 3]], [], [[0, 1, 4, 2]]], [[[0, 1, 2, 3, 4]], [[0, 2, 1, 3, 4]], [[0, 2, 4, 1]]], [[[0, 2, 1, 4, 3]], [[1, 0, 2, 3, 4], [1, 0, 2, 3, 4]], []], [[[0, 1, 2, 4, 3]], [], [[0, 1, 4, 2], [0, 2, 1, 4]]], [[], [[0, 2, 1, 3, 4]], [[0, 2, 1, 4], [0, 2, 4, 1]]]]
[[[[1, 2, 1, 1, 2]], [[2, 1, 2, 0, 1]], []], [[[1, 0, 0, 2, 1]], [], [[2, 2, 1, 2]]], [[], [[1, 1, 1, 0, 1]], [[1, 0, 1, 0]]], [[[1, 0, 2, 1, 2], [1, 0, 0, 1, 2]], [[0, 0, 0, 2, 1]], []], [[], [[1, 0, 2, 1, 1], [2, 2, 2, 0, 1]], [[1, 0, 1, 0]]], [[[1, 2, 2, 2, 1], [1, 1, 2, 1, 0]], [], [[0, 2, 1, 2]]], [[[2, 2, 0, 1, 1]], [[0, 0, 0, 1, 1]], [[2, 0, 1, 2]]], [[[2, 2, 0, 1, 2]], [[2, 0, 0, 2, 1], [2, 2, 0, 2, 1]], []], [[[2, 0, 2, 1, 2]], [], [[0, 1, 1, 0], [2, 1, 2, 1]]], [[], [[1, 0, 2, 2, 1]], [[1, 0, 1, 1], [2, 1, 1, 1]]]]
[[[[0, 1, 2, 2, 0]], [[1, 0, 1, 1, 2]], []], [[[0, 1, 0, 0, 2]], [], [[0, 1, 0, 1]]], [[], [[1, 0, 2, 1, 2]], [[0, 0, 2, 1]]], [[[0, 0, 1, 2, 0], [0, 0, 1, 0, 0]], [[0, 1, 0, 0, 2]], []], [[], [[0, 0, 1, 1, 0], [0, 1, 1, 1, 0]], [[0, 0, 0, 1]]], [[[0, 1, 1, 0, 2], [0, 1, 1, 0, 1]], [], [[0, 1, 0, 1]]], [[[0, 1, 0, 1, 0]], [[0, 0, 1, 1, 2]], [[0, 0, 2, 1]]], [[[0, 1, 1, 2, 0]], [[1, 0, 0, 0, 2], [1, 0, 0, 0, 2]], []], [[[0, 1, 1, 2, 0]], [], [[0, 1, 0, 0], [0, 2, 1, 0]]], [[], [[0, 0, 1, 0, 0]], [[0, 0, 1, 0], [0, 2, 2, 1]]]]
[[[[4, 151, 170, 267, 357]], [[9, 104, 271, 329, 488]], []], [[[9, 69, 146, 247, 326]], [], [[1, 188, 459, 501]]], [[], [[24, 138, 154, 296, 442]], [[41, 310, 516, 572]]], [[[47, 88, 211, 266, 293], [52, 89, 153, 246, 307]], [[15, 129, 235, 316, 404]], []], [[], [[62, 280, 325, 475, 501], [28, 225, 333, 356, 579]], [[67, 314, 542, 599]]], [[[73, 166, 176, 241, 268], [91, 119, 141, 248, 338]], [], [[3, 256, 299, 393]]], [[[36, 108, 120, 177, 207]], [[20, 41, 58, 346, 371]], [[41, 268, 333, 380]]], [[[46, 59, 216, 234, 287]], [[66, 171, 201, 302, 400], [74, 126, 253, 318, 408]], []], [[[89, 182, 201, 265, 371]], [], [[28, 381, 425, 590], [94, 194, 400, 535]]], [[], [[83, 244, 341, 366, 581]], [[97, 318, 557, 617], [97, 316, 362, 591]]]]

1733.0