10368 6275.700000000001 √
[2, 8, 6] [7, 3, 8]
[[[[0, 1, 3, 2, 4]], [[0, 2, 1, 3, 4]], []], [[[0, 1, 3, 2, 4]], [], [[0, 2, 1, 4]]], [[], [[1, 0, 2, 3, 4]], [[0, 4, 1, 2]]], [[[0, 2, 1, 4, 3], [0, 1, 2, 3, 4]], [[0, 2, 1, 3, 4]], []], [[], [[1, 0, 2, 3, 4], [1, 0, 2, 3, 4]], [[0, 1, 4, 2]]], [[[0, 1, 2, 4, 3], [0, 1, 2, 3, 4]], [], [[0, 2, 4, 1]]], [[[0, 1, 2, 4, 3]], [[1, 0, 2, 3, 4]], [[0, 4, 1, 2]]], [[[0, 2, 1, 3, 4]], [[0, 1, 2, 3, 4], [0, 2, 1, 3, 4]], []], [[[0, 1, 2, 4, 3]], [], [[0, 2, 1, 4], [0, 2, 1, 4]]], [[], [[0, 1, 2, 3, 4]], [[0, 2, 1, 4], [0, 1, 2, 4]]]]
[[[[1, 0, 1, 0, 1]], [[2, 0, 0, 2, 1]], []], [[[2, 2, 0, 1, 1]], [], [[0, 1, 0, 1]]], [[], [[1, 0, 0, 0, 1]], [[0, 1, 0, 2]]], [[[1, 0, 2, 1, 0], [2, 2, 0, 0, 1]], [[1, 2, 2, 0, 1]], []], [[], [[2, 0, 2, 2, 1], [0, 1, 0, 0, 1]], [[2, 2, 1, 2]]], [[[1, 2, 2, 1, 2], [1, 2, 2, 2, 1]], [], [[0, 0, 1, 2]]], [[[0, 2, 1, 1, 0]], [[2, 0, 0, 2, 1]], [[1, 1, 2, 2]]], [[[0, 2, 1, 2, 1]], [[2, 0, 2, 2, 1], [1, 2, 0, 2, 1]], []], [[[2, 1, 2, 1, 0]], [], [[0, 1, 2, 1], [1, 0, 0, 1]]], [[], [[2, 0, 2, 0, 1]], [[1, 2, 2, 1], [1, 2, 2, 1]]]]
[[[[0, 1, 1, 0, 0]], [[0, 0, 1, 0, 2]], []], [[[0, 1, 1, 2, 2]], [], [[0, 2, 1, 0]]], [[], [[1, 0, 0, 1, 2]], [[0, 0, 1, 1]]], [[[0, 0, 1, 0, 1], [0, 1, 0, 1, 0]], [[0, 1, 1, 1, 2]], []], [[], [[1, 0, 1, 0, 0], [1, 0, 0, 1, 2]], [[0, 1, 2, 1]]], [[[0, 1, 1, 0, 0], [0, 1, 1, 0, 0]], [], [[0, 0, 2, 1]]], [[[0, 1, 2, 2, 1]], [[1, 0, 0, 0, 2]], [[0, 0, 1, 1]]], [[[0, 1, 1, 0, 2]], [[0, 1, 1, 0, 2], [0, 1, 1, 0, 0]], []], [[[0, 1, 1, 2, 1]], [], [[0, 2, 1, 0], [0, 0, 1, 2]]], [[], [[0, 1, 1, 1, 0]], [[0, 1, 1, 0], [0, 1, 1, 0]]]]
[[[[4, 126, 149, 248, 301]], [[6, 155, 201, 319, 372]], []], [[[14, 100, 112, 172, 214]], [], [[3, 313, 417, 515]]], [[], [[19, 256, 269, 333, 380]], [[8, 328, 426, 491]]], [[[39, 145, 153, 194, 283], [18, 107, 146, 211, 235]], [[49, 202, 245, 362, 417]], []], [[], [[27, 176, 331, 357, 393], [21, 225, 378, 399, 472]], [[41, 255, 445, 486]]], [[[57, 139, 168, 196, 292], [62, 146, 189, 286, 299]], [], [[49, 347, 408, 498]]], [[[35, 114, 131, 182, 318]], [[49, 171, 231, 321, 376]], [[68, 351, 393, 406]]], [[[38, 129, 142, 234, 252]], [[68, 189, 270, 317, 368], [75, 210, 308, 359, 430]], []], [[[76, 110, 192, 213, 292]], [], [[44, 99, 341, 501], [80, 351, 408, 482]]], [[], [[86, 195, 218, 394, 460]], [[82, 176, 301, 344], [84, 364, 377, 508]]]]

11484 6161.0 √
[2, 8, 6] [7, 3, 8]
[[[[0, 2, 1, 3, 4]], [[0, 2, 1, 3, 4]], []], [[[0, 2, 1, 3, 4]], [], [[0, 1, 2, 4]]], [[], [[0, 2, 1, 3, 4]], [[0, 1, 2, 4]]], [[[0, 1, 2, 3, 4], [0, 1, 3, 2, 4]], [[0, 1, 2, 3, 4]], []], [[], [[0, 2, 1, 3, 4], [0, 2, 1, 3, 4]], [[0, 2, 4, 1]]], [[[0, 1, 2, 4, 3], [0, 2, 1, 3, 4]], [], [[0, 1, 4, 2]]], [[[0, 1, 2, 4, 3]], [[0, 2, 1, 3, 4]], [[0, 1, 4, 2]]], [[[0, 2, 1, 4, 3]], [[0, 2, 1, 3, 4], [0, 2, 1, 3, 4]], []], [[[0, 2, 1, 4, 3]], [], [[0, 4, 1, 2], [0, 4, 1, 2]]], [[], [[0, 2, 1, 3, 4]], [[0, 1, 2, 4], [0, 4, 2, 1]]]]
[[[[2, 0, 1, 1, 1]], [[0, 0, 2, 2, 1]], []], [[[1, 2, 1, 2, 1]], [], [[1, 2, 1, 1]]], [[], [[2, 1, 2, 2, 1]], [[0, 0, 1, 1]]], [[[1, 1, 0, 2, 1], [1, 0, 2, 0, 1]], [[2, 2, 0, 2, 1]], []], [[], [[2, 1, 1, 2, 1], [1, 0, 0, 2, 1]], [[1, 0, 1, 1]]], [[[0, 1, 2, 1, 0], [1, 2, 2, 1, 1]], [], [[1, 1, 1, 2]]], [[[2, 0, 1, 1, 0]], [[1, 0, 0, 1, 1]], [[1, 2, 1, 1]]], [[[0, 2, 1, 1, 2]], [[0, 2, 0, 2, 1], [1, 2, 2, 2, 1]], []], [[[1, 2, 1, 1, 0]], [], [[2, 1, 2, 0], [0, 1, 0, 0]]], [[], [[2, 2, 0, 2, 1]], [[1, 1, 1, 1], [0, 1, 0, 2]]]]
[[[[0, 0, 1, 1, 2]], [[0, 0, 1, 0, 0]], []], [[[0, 1, 1, 0, 0]], [], [[0, 1, 2, 0]]], [[], [[0, 2, 1, 0, 2]], [[0, 1, 2, 2]]], [[[0, 1, 0, 0, 0], [0, 1, 0, 0, 2]], [[0, 1, 0, 0, 0]], []], [[], [[0, 2, 1, 0, 2], [0, 0, 1, 0, 0]], [[0, 0, 2, 1]]], [[[0, 1, 1, 2, 1], [0, 1, 1, 1, 0]], [], [[0, 1, 0, 1]]], [[[0, 1, 2, 2, 1]], [[0, 0, 1, 1, 0]], [[0, 1, 2, 2]]], [[[0, 1, 1, 0, 0]], [[0, 1, 1, 0, 0], [0, 1, 1, 0, 2]], []], [[[0, 1, 1, 0, 1]], [], [[0, 0, 1, 0], [0, 2, 1, 0]]], [[], [[0, 1, 1, 0, 2]], [[0, 1, 2, 0], [0, 0, 0, 1]]]]
[[[[2, 82, 110, 127, 201]], [[7, 143, 306, 322, 432]], []], [[[4, 91, 115, 196, 286]], [], [[10, 275, 453, 480]]], [[], [[12, 146, 333, 351, 501]], [[198, 208, 375, 402]]], [[[16, 100, 134, 163, 282], [21, 115, 169, 228, 303]], [[18, 57, 152, 324, 434]], []], [[], [[24, 153, 211, 349, 497], [35, 186, 259, 353, 519]], [[40, 293, 383, 546]]], [[[17, 105, 137, 202, 243], [46, 94, 107, 220, 284]], [], [[52, 354, 531, 573]]], [[[32, 89, 190, 200, 234]], [[31, 65, 104, 311, 327]], [[54, 283, 461, 508]]], [[[20, 88, 120, 257, 266]], [[30, 121, 265, 355, 521], [61, 147, 180, 299, 392]], []], [[[69, 97, 169, 259, 275]], [], [[37, 269, 360, 416], [38, 342, 398, 420]]], [[], [[46, 72, 169, 326, 446]], [[75, 85, 373, 421], [43, 244, 301, 368]]]]

12187 6150.199999999999 √
[2, 8, 6] [7, 3, 8]
[[[[0, 1, 2, 4, 3]], [[0, 2, 1, 3, 4]], []], [[[0, 2, 1, 4, 3]], [], [[0, 4, 2, 1]]], [[], [[0, 1, 2, 3, 4]], [[0, 1, 2, 4]]], [[[0, 1, 2, 3, 4], [0, 2, 1, 3, 4]], [[0, 1, 2, 3, 4]], []], [[], [[0, 1, 2, 3, 4], [0, 1, 2, 3, 4]], [[0, 1, 2, 4]]], [[[0, 1, 2, 3, 4], [0, 1, 3, 2, 4]], [], [[0, 4, 1, 2]]], [[[0, 1, 3, 2, 4]], [[0, 2, 1, 3, 4]], [[0, 1, 2, 4]]], [[[0, 2, 1, 4, 3]], [[0, 2, 1, 3, 4], [1, 0, 2, 3, 4]], []], [[[0, 2, 1, 4, 3]], [], [[0, 4, 2, 1], [0, 2, 4, 1]]], [[], [[1, 0, 2, 3, 4]], [[0, 1, 2, 4], [0, 2, 1, 4]]]]
[[[[1, 1, 1, 1, 2]], [[2, 1, 2, 2, 1]], []], [[[0, 0, 1, 1, 0]], [], [[2, 1, 0, 0]]], [[], [[1, 1, 0, 2, 1]], [[0, 0, 2, 1]]], [[[1, 2, 0, 0, 1], [2, 2, 2, 1, 1]], [[1, 2, 2, 2, 1]], []], [[], [[2, 1, 0, 1, 1], [1, 2, 0, 1, 1]], [[1, 0, 2, 1]]], [[[1, 2, 0, 2, 1], [2, 2, 2, 1, 1]], [], [[0, 1, 1, 0]]], [[[0, 0, 0, 1, 1]], [[2, 0, 1, 1, 1]], [[0, 2, 2, 1]]], [[[1, 0, 1, 1, 2]], [[2, 2, 2, 2, 1], [2, 2, 1, 2, 1]], []], [[[1, 0, 0, 1, 2]], [], [[0, 1, 1, 1], [2, 1, 1, 2]]], [[], [[0, 0, 2, 0, 1]], [[2, 1, 1, 1], [0, 2, 0, 1]]]]
[[[[0, 1, 2, 2, 0]], [[0, 2, 1, 0, 0]], []], [[[0, 0, 1, 2, 1]], [], [[0, 2, 0, 1]]], [[], [[0, 1, 0, 0, 2]], [[0, 1, 1, 2]]], [[[0, 1, 0, 1, 2], [0, 1, 1, 1, 0]], [[0, 1, 1, 0, 2]], []], [[], [[0, 1, 0, 1, 0], [0, 1, 0, 1, 2]], [[0, 1, 1, 2]]], [[[0, 1, 0, 0, 2], [0, 1, 0, 2, 2]], [], [[0, 2, 1, 0]]], [[[0, 1, 1, 2, 2]], [[0, 0, 1, 1, 0]], [[0, 1, 1, 2]]], [[[0, 0, 1, 2, 0]], [[0, 1, 1, 0, 0], [1, 0, 2, 0, 0]], []], [[[0, 0, 1, 2, 0]], [], [[0, 0, 2, 1], [0, 2, 2, 1]]], [[], [[1, 0, 1, 1, 0]], [[0, 1, 2, 2], [0, 1, 1, 2]]]]
[[[[4, 143, 164, 281, 289]], [[6, 215, 312, 338, 488]], []], [[[5, 75, 102, 122, 187]], [], [[13, 75, 256, 445]]], [[], [[14, 89, 268, 342, 516]], [[11, 120, 365, 454]]], [[[22, 150, 167, 221, 283], [18, 92, 143, 184, 264]], [[32, 218, 377, 393, 554]], []], [[], [[28, 196, 241, 413, 432], [36, 183, 277, 503, 535]], [[41, 94, 325, 545]]], [[[47, 157, 169, 301, 326], [36, 102, 117, 166, 235]], [], [[16, 356, 368, 427]]], [[[26, 82, 107, 132, 236]], [[52, 207, 402, 416, 434]], [[32, 347, 360, 564]]], [[[52, 140, 177, 237, 249]], [[46, 171, 191, 244, 390], [63, 129, 289, 340, 490]], []], [[[57, 141, 148, 282, 295]], [], [[37, 251, 446, 466], [77, 225, 333, 398]]], [[], [[50, 177, 206, 293, 492]], [[80, 302, 342, 350], [62, 231, 436, 526]]]]

16267 5825.600000000002 √
[2, 8, 6] [7, 3, 8]
[[[[0, 2, 1, 4, 3]], [[0, 1, 2, 3, 4]], []], [[[0, 1, 2, 3, 4]], [], [[0, 1, 2, 4]]], [[], [[1, 0, 2, 3, 4]], [[0, 2, 4, 1]]], [[[0, 1, 2, 3, 4], [0, 1, 3, 2, 4]], [[0, 1, 2, 3, 4]], []], [[], [[0, 2, 1, 3, 4], [1, 0, 2, 3, 4]], [[0, 1, 2, 4]]], [[[0, 1, 2, 4, 3], [0, 1, 2, 4, 3]], [], [[0, 1, 4, 2]]], [[[0, 1, 2, 3, 4]], [[1, 0, 2, 3, 4]], [[0, 2, 1, 4]]], [[[0, 2, 1, 4, 3]], [[1, 0, 2, 3, 4], [0, 2, 1, 3, 4]], []], [[[0, 2, 1, 3, 4]], [], [[0, 1, 2, 4], [0, 2, 4, 1]]], [[], [[0, 2, 1, 3, 4]], [[0, 1, 2, 4], [0, 2, 4, 1]]]]
[[[[0, 2, 0, 1, 1]], [[1, 0, 0, 2, 1]], []], [[[0, 2, 1, 0, 1]], [], [[2, 1, 1, 1]]], [[], [[0, 0, 0, 2, 1]], [[1, 0, 1, 2]]], [[[0, 1, 2, 2, 1], [2, 2, 0, 0, 1]], [[0, 0, 0, 1, 1]], []], [[], [[2, 2, 2, 2, 1], [0, 0, 2, 2, 1]], [[2, 1, 1, 1]]], [[[0, 1, 0, 1, 2], [1, 1, 0, 1, 1]], [], [[2, 2, 1, 2]]], [[[0, 1, 1, 1, 1]], [[1, 0, 0, 2, 1]], [[2, 2, 2, 1]]], [[[2, 2, 0, 1, 0]], [[0, 1, 1, 2, 1], [0, 0, 1, 0, 1]], []], [[[2, 2, 1, 1, 1]], [], [[0, 0, 0, 1], [2, 2, 1, 2]]], [[], [[2, 0, 2, 2, 1]], [[1, 0, 1, 1], [1, 1, 1, 1]]]]
[[[[0, 1, 1, 2, 1]], [[0, 1, 0, 0, 2]], []], [[[0, 1, 2, 1, 0]], [], [[0, 1, 2, 2]]], [[], [[1, 0, 0, 0, 0]], [[0, 0, 0, 1]]], [[[0, 1, 1, 0, 0], [0, 1, 1, 0, 2]], [[0, 1, 0, 1, 0]], []], [[], [[0, 1, 1, 0, 0], [1, 0, 1, 0, 0]], [[0, 1, 2, 2]]], [[[0, 1, 0, 0, 0], [0, 1, 0, 0, 1]], [], [[0, 1, 0, 1]]], [[[0, 1, 2, 1, 0]], [[1, 0, 0, 0, 0]], [[0, 1, 1, 2]]], [[[0, 1, 1, 2, 1]], [[1, 0, 2, 0, 0], [0, 0, 1, 1, 0]], []], [[[0, 1, 1, 1, 0]], [], [[0, 1, 0, 0], [0, 1, 2, 1]]], [[], [[0, 0, 1, 0, 0]], [[0, 1, 2, 2], [0, 2, 0, 1]]]]
[[[[5, 99, 200, 218, 363]], [[5, 274, 334, 471, 552]], []], [[[8, 109, 176, 225, 267]], [], [[1, 407, 480, 496]]], [[], [[19, 261, 363, 475, 598]], [[10, 387, 608, 650]]], [[[33, 58, 124, 150, 271], [6, 78, 135, 291, 302]], [[60, 317, 372, 563, 596]], []], [[], [[16, 134, 502, 518, 619], [44, 350, 370, 520, 621]], [[23, 416, 482, 502]]], [[[70, 145, 219, 449, 458], [42, 98, 181, 269, 427]], [], [[26, 63, 120, 493]]], [[[73, 150, 254, 323, 451]], [[22, 189, 245, 467, 538]], [[29, 383, 480, 523]]], [[[34, 93, 149, 357, 396]], [[104, 234, 342, 469, 540], [83, 121, 463, 500, 623]], []], [[[52, 96, 155, 183, 314]], [], [[91, 509, 527, 583], [57, 388, 490, 531]]], [[], [[44, 300, 324, 473, 594]], [[73, 161, 222, 395], [75, 87, 127, 373]]]]

12380 6020.4 √
[2, 8, 6] [7, 3, 8]
[[[[0, 2, 1, 3, 4]], [[1, 0, 2, 3, 4]], []], [[[0, 1, 2, 4, 3]], [], [[0, 4, 2, 1]]], [[], [[0, 1, 2, 3, 4]], [[0, 4, 2, 1]]], [[[0, 2, 1, 3, 4], [0, 1, 2, 3, 4]], [[1, 0, 2, 3, 4]], []], [[], [[0, 2, 1, 3, 4], [0, 2, 1, 3, 4]], [[0, 4, 2, 1]]], [[[0, 1, 2, 4, 3], [0, 1, 2, 4, 3]], [], [[0, 2, 4, 1]]], [[[0, 1, 2, 3, 4]], [[0, 2, 1, 3, 4]], [[0, 4, 2, 1]]], [[[0, 2, 1, 3, 4]], [[0, 1, 2, 3, 4], [0, 1, 2, 3, 4]], []], [[[0, 2, 1, 3, 4]], [], [[0, 2, 4, 1], [0, 4, 2, 1]]], [[], [[0, 1, 2, 3, 4]], [[0, 4, 2, 1], [0, 1, 2, 4]]]]
[[[[2, 0, 1, 2, 1]], [[2, 2, 0, 2, 1]], []], [[[0, 0, 1, 1, 2]], [], [[2, 1, 2, 1]]], [[], [[1, 0, 0, 0, 1]], [[1, 1, 2, 2]]], [[[1, 2, 2, 1, 1], [1, 1, 1, 0, 1]], [[1, 0, 2, 2, 1]], []], [[], [[2, 2, 2, 2, 1], [0, 0, 2, 2, 1]], [[0, 1, 0, 0]]], [[[2, 0, 2, 1, 0], [1, 0, 2, 1, 0]], [], [[0, 2, 1, 1]]], [[[1, 2, 2, 2, 1]], [[0, 0, 1, 0, 1]], [[1, 1, 1, 2]]], [[[2, 2, 1, 0, 1]], [[1, 0, 2, 0, 1], [2, 0, 2, 2, 1]], []], [[[0, 0, 0, 0, 1]], [], [[2, 2, 1, 1], [0, 1, 2, 2]]], [[], [[0, 2, 2, 1, 1]], [[1, 1, 0, 2], [2, 1, 2, 1]]]]
[[[[0, 0, 1, 0, 2]], [[1, 0, 0, 0, 0]], []], [[[0, 1, 2, 2, 0]], [], [[0, 0, 1, 1]]], [[], [[0, 1, 0, 1, 0]], [[0, 2, 1, 1]]], [[[0, 1, 1, 1, 0], [0, 1, 2, 1, 0]], [[1, 0, 1, 0, 2]], []], [[], [[0, 1, 1, 0, 0], [0, 0, 1, 0, 0]], [[0, 0, 0, 1]]], [[[0, 1, 1, 0, 1], [0, 1, 1, 0, 1]], [], [[0, 1, 2, 1]]], [[[0, 1, 1, 0, 0]], [[0, 0, 1, 1, 2]], [[0, 0, 2, 1]]], [[[0, 1, 1, 1, 0]], [[0, 1, 1, 1, 0], [0, 1, 1, 0, 2]], []], [[[0, 0, 1, 1, 0]], [], [[0, 1, 2, 1], [0, 0, 1, 1]]], [[], [[0, 1, 1, 1, 0]], [[0, 2, 0, 1], [0, 1, 1, 0]]]]
[[[[2, 170, 181, 286, 353]], [[11, 92, 244, 373, 480]], []], [[[5, 67, 159, 287, 341]], [], [[25, 96, 268, 507]]], [[], [[5, 283, 306, 344, 482]], [[10, 339, 421, 456]]], [[[16, 107, 169, 248, 299], [21, 138, 207, 267, 305]], [[36, 123, 143, 233, 357]], []], [[], [[34, 243, 297, 315, 387], [15, 107, 255, 313, 385]], [[23, 103, 202, 425]]], [[[42, 177, 190, 270, 329], [56, 151, 213, 239, 320]], [], [[28, 416, 456, 558]]], [[[61, 117, 159, 224, 307]], [[40, 136, 319, 369, 526]], [[67, 89, 164, 403]]], [[[46, 78, 186, 258, 303]], [[74, 289, 393, 416, 539], [56, 227, 325, 371, 465]], []], [[[50, 98, 185, 211, 301]], [], [[63, 381, 421, 549], [56, 374, 441, 448]]], [[], [[85, 197, 355, 434, 478]], [[79, 123, 358, 428], [66, 215, 273, 492]]]]

16688 5561.9 √
[2, 7, 6] [7, 5, 8]
[[[[0, 1, 2, 4, 3]], [[0, 2, 1, 3, 4]], []], [[[0, 2, 1, 4, 3]], [], [[0, 4, 2, 1]]], [[], [[0, 1, 2, 3, 4]], [[0, 2, 4, 1]]], [[[0, 2, 1, 3, 4], [0, 1, 3, 2, 4]], [[1, 0, 2, 3, 4]], []], [[], [[0, 1, 2, 3, 4], [0, 2, 1, 3, 4]], [[0, 1, 2, 4]]], [[[0, 2, 1, 3, 4], [0, 1, 3, 2, 4]], [], [[0, 4, 1, 2]]], [[[0, 1, 2, 3, 4]], [[1, 0, 2, 3, 4]], [[0, 2, 4, 1]]], [[[0, 2, 1, 3, 4]], [[0, 2, 1, 3, 4], [0, 2, 1, 3, 4]], []], [[[0, 2, 1, 4, 3]], [], [[0, 1, 2, 4], [0, 1, 4, 2]]], [[], [[0, 2, 1, 3, 4]], [[0, 2, 4, 1], [0, 2, 1, 4]]]]
[[[[0, 2, 2, 1, 2]], [[2, 0, 2, 2, 1]], []], [[[1, 1, 1, 1, 2]], [], [[1, 1, 2, 2]]], [[], [[2, 1, 1, 2, 1]], [[0, 0, 1, 0]]], [[[2, 2, 2, 2, 1], [2, 2, 0, 1, 1]], [[0, 0, 0, 2, 1]], []], [[], [[0, 0, 1, 2, 1], [0, 0, 0, 2, 1]], [[0, 0, 2, 1]]], [[[0, 2, 0, 1, 1], [1, 0, 2, 2, 1]], [], [[1, 1, 0, 0]]], [[[0, 0, 0, 1, 1]], [[2, 2, 2, 2, 1]], [[0, 2, 1, 1]]], [[[1, 0, 0, 2, 1]], [[0, 0, 1, 2, 1], [2, 0, 2, 2, 1]], []], [[[0, 2, 0, 1, 1]], [], [[1, 1, 1, 1], [2, 2, 1, 1]]], [[], [[0, 2, 1, 0, 1]], [[0, 1, 1, 2], [1, 0, 1, 1]]]]
[[[[0, 1, 1, 0, 0]], [[0, 0, 1, 0, 0]], []], [[[0, 2, 1, 0, 0]], [], [[0, 0, 1, 1]]], [[], [[0, 1, 2, 0, 0]], [[0, 0, 2, 1]]], [[[0, 1, 1, 0, 0], [0, 1, 1, 2, 2]], [[1, 0, 0, 0, 2]], []], [[], [[0, 1, 2, 0, 0], [0, 0, 1, 0, 0]], [[0, 1, 1, 2]]], [[[0, 1, 1, 1, 0], [0, 1, 0, 1, 2]], [], [[0, 0, 1, 0]]], [[[0, 1, 0, 1, 2]], [[1, 0, 1, 0, 0]], [[0, 1, 0, 1]]], [[[0, 0, 1, 0, 0]], [[0, 0, 1, 0, 2], [0, 0, 1, 0, 0]], []], [[[0, 1, 1, 2, 1]], [], [[0, 1, 2, 0], [0, 1, 0, 2]]], [[], [[0, 1, 1, 1, 0]], [[0, 2, 2, 1], [0, 0, 1, 2]]]]
[[[[5, 106, 205, 231, 261]], [[6, 274, 315, 340, 573]], []], [[[4, 54, 65, 85, 231]], [], [[10, 357, 469, 573]]], [[], [[24, 118, 442, 461, 583]], [[11, 436, 500, 541]]], [[[14, 89, 160, 175, 277], [32, 99, 215, 295, 324]], [[24, 158, 171, 270, 486]], []], [[], [[40, 387, 435, 454, 579], [45, 404, 421, 456, 581]], [[53, 445, 479, 654]]], [[[63, 121, 195, 240, 421], [16, 229, 275, 295, 457]], [], [[22, 264, 550, 568]]], [[[66, 123, 188, 196, 218]], [[41, 135, 189, 240, 467]], [[72, 248, 519, 551]]], [[[28, 248, 255, 331, 396]], [[84, 142, 172, 284, 490], [64, 283, 307, 342, 577]], []], [[[94, 150, 203, 219, 302]], [], [[34, 372, 408, 634], [55, 73, 101, 479]]], [[], [[104, 215, 333, 361, 575]], [[112, 481, 539, 565], [36, 375, 593, 615]]]]

1767.84375