12584 5758.3 √
[2, 8, 6] [7, 3, 8]
[[[[0, 1, 2, 4, 3]], [[1, 0, 2, 3, 4]], []], [[[0, 1, 2, 4, 3]], [], [[0, 2, 1, 4]]], [[], [[0, 1, 2, 3, 4]], [[0, 2, 1, 4]]], [[[0, 1, 2, 3, 4], [0, 2, 1, 3, 4]], [[0, 2, 1, 3, 4]], []], [[], [[0, 2, 1, 3, 4], [0, 1, 2, 3, 4]], [[0, 2, 1, 4]]], [[[0, 1, 3, 2, 4], [0, 1, 2, 3, 4]], [], [[0, 4, 2, 1]]], [[[0, 2, 1, 4, 3]], [[0, 2, 1, 3, 4]], [[0, 4, 2, 1]]], [[[0, 1, 2, 4, 3]], [[0, 1, 2, 3, 4], [0, 2, 1, 3, 4]], []], [[[0, 1, 2, 3, 4]], [], [[0, 4, 1, 2], [0, 2, 1, 4]]], [[], [[0, 1, 2, 3, 4]], [[0, 1, 2, 4], [0, 4, 2, 1]]]]
[[[[1, 2, 2, 1, 1]], [[0, 0, 0, 2, 1]], []], [[[2, 0, 2, 1, 1]], [], [[1, 0, 1, 1]]], [[], [[2, 2, 0, 0, 1]], [[0, 0, 2, 1]]], [[[1, 0, 2, 2, 1], [1, 2, 1, 2, 1]], [[2, 2, 2, 2, 1]], []], [[], [[2, 1, 1, 1, 1], [2, 0, 2, 1, 1]], [[1, 0, 0, 1]]], [[[1, 0, 1, 0, 1], [1, 1, 1, 0, 1]], [], [[2, 1, 1, 2]]], [[[0, 1, 0, 1, 0]], [[2, 0, 2, 2, 1]], [[0, 1, 2, 2]]], [[[0, 2, 0, 1, 1]], [[2, 2, 0, 1, 1], [2, 2, 2, 1, 1]], []], [[[1, 0, 0, 2, 1]], [], [[0, 1, 2, 0], [0, 1, 2, 1]]], [[], [[1, 0, 0, 2, 1]], [[2, 1, 1, 1], [1, 1, 1, 2]]]]
[[[[0, 1, 1, 2, 1]], [[1, 0, 0, 0, 0]], []], [[[0, 1, 1, 2, 1]], [], [[0, 0, 1, 0]]], [[], [[0, 1, 0, 1, 2]], [[0, 0, 1, 0]]], [[[0, 1, 1, 0, 0], [0, 1, 1, 0, 0]], [[0, 1, 1, 0, 0]], []], [[], [[0, 2, 1, 1, 2], [0, 1, 1, 1, 2]], [[0, 0, 1, 0]]], [[[0, 1, 1, 0, 0], [0, 1, 2, 1, 2]], [], [[0, 2, 2, 1]]], [[[0, 2, 1, 2, 1]], [[0, 0, 1, 0, 0]], [[0, 2, 1, 1]]], [[[0, 1, 0, 2, 1]], [[0, 1, 0, 1, 2], [0, 1, 1, 1, 0]], []], [[[0, 1, 0, 0, 2]], [], [[0, 2, 1, 0], [0, 2, 1, 2]]], [[], [[0, 1, 0, 0, 0]], [[0, 1, 2, 0], [0, 2, 2, 1]]]]
[[[[4, 92, 131, 228, 254]], [[7, 238, 347, 437, 600]], []], [[[2, 181, 194, 229, 319]], [], [[10, 307, 550, 582]]], [[], [[24, 243, 266, 322, 540]], [[19, 67, 294, 490]]], [[[16, 77, 125, 273, 343], [21, 128, 145, 232, 245]], [[52, 141, 153, 310, 412]], []], [[], [[12, 129, 199, 423, 463], [18, 135, 216, 426, 467]], [[81, 311, 484, 589]]], [[[87, 120, 157, 174, 341], [92, 150, 180, 206, 227]], [], [[31, 69, 382, 419]]], [[[29, 51, 104, 226, 289]], [[40, 152, 201, 312, 480]], [[35, 287, 328, 458]]], [[[45, 85, 97, 190, 298]], [[110, 251, 275, 523, 536], [46, 70, 284, 354, 370]], []], [[[97, 112, 200, 267, 280]], [], [[51, 392, 442, 475], [56, 401, 450, 510]]], [[], [[31, 222, 338, 435, 572]], [[59, 308, 384, 446], [103, 118, 216, 335]]]]

12174 6689.8 √
[8, 8, 6] [6, 3, 8]
[[[[0, 2, 1, 3, 4]], [[0, 2, 1, 3, 4]], []], [[[0, 2, 1, 4, 3]], [], [[0, 2, 4, 1]]], [[], [[1, 0, 2, 3, 4]], [[0, 2, 1, 4]]], [[[0, 2, 1, 3, 4], [0, 2, 1, 3, 4]], [[0, 2, 1, 3, 4]], []], [[], [[0, 2, 1, 3, 4], [1, 0, 2, 3, 4]], [[0, 2, 4, 1]]], [[[0, 1, 3, 2, 4], [0, 2, 1, 4, 3]], [], [[0, 2, 4, 1]]], [[[0, 2, 1, 4, 3]], [[0, 2, 1, 3, 4]], [[0, 2, 4, 1]]], [[[0, 1, 2, 3, 4]], [[0, 2, 1, 3, 4], [1, 0, 2, 3, 4]], []], [[[0, 1, 2, 3, 4]], [], [[0, 1, 2, 4], [0, 4, 1, 2]]], [[], [[0, 2, 1, 3, 4]], [[0, 2, 4, 1], [0, 2, 4, 1]]]]
[[[[1, 1, 0, 0, 1]], [[1, 0, 2, 2, 1]], []], [[[2, 2, 2, 1, 1]], [], [[1, 1, 1, 2]]], [[], [[0, 2, 0, 2, 1]], [[0, 2, 0, 1]]], [[[2, 0, 2, 0, 1], [0, 2, 1, 1, 1]], [[2, 1, 0, 2, 1]], []], [[], [[2, 0, 1, 0, 1], [2, 1, 0, 2, 1]], [[2, 1, 1, 0]]], [[[1, 0, 1, 2, 1], [2, 2, 2, 1, 2]], [], [[1, 0, 1, 1]]], [[[2, 2, 1, 1, 2]], [[1, 2, 0, 0, 1]], [[1, 0, 1, 0]]], [[[2, 0, 2, 2, 1]], [[1, 0, 2, 2, 1], [2, 0, 0, 2, 1]], []], [[[2, 1, 0, 1, 1]], [], [[0, 0, 1, 1], [0, 1, 0, 2]]], [[], [[2, 0, 2, 2, 1]], [[1, 2, 1, 2], [0, 0, 1, 1]]]]
[[[[0, 2, 1, 1, 0]], [[0, 0, 1, 0, 2]], []], [[[0, 1, 1, 2, 1]], [], [[0, 2, 0, 1]]], [[], [[1, 0, 0, 0, 0]], [[0, 1, 1, 2]]], [[[0, 0, 1, 1, 0], [0, 1, 1, 1, 0]], [[0, 2, 1, 0, 0]], []], [[], [[0, 0, 1, 1, 0], [1, 0, 0, 0, 0]], [[0, 2, 2, 1]]], [[[0, 1, 1, 1, 2], [0, 1, 1, 2, 0]], [], [[0, 0, 2, 1]]], [[[0, 1, 1, 2, 0]], [[0, 1, 1, 1, 0]], [[0, 0, 2, 1]]], [[[0, 1, 1, 0, 2]], [[0, 0, 1, 0, 2], [1, 0, 0, 0, 0]], []], [[[0, 1, 0, 1, 2]], [], [[0, 1, 2, 0], [0, 0, 1, 1]]], [[], [[0, 0, 1, 0, 2]], [[0, 1, 2, 1], [0, 0, 2, 1]]]]
[[[[4, 61, 162, 259, 286]], [[14, 138, 230, 298, 444]], []], [[[2, 115, 198, 212, 341]], [], [[19, 90, 105, 183]]], [[], [[7, 159, 245, 347, 544]], [[19, 210, 391, 565]]], [[[6, 85, 141, 225, 284], [29, 124, 222, 229, 400]], [[16, 257, 334, 352, 548]], []], [[], [[46, 211, 472, 488, 580], [27, 274, 317, 354, 550]], [[53, 334, 361, 382]]], [[[25, 100, 119, 320, 330], [58, 118, 134, 148, 305]], [], [[31, 117, 155, 167]]], [[[62, 121, 187, 251, 273]], [[38, 173, 275, 301, 546]], [[43, 290, 383, 506]]], [[[66, 92, 223, 246, 376]], [[73, 147, 257, 300, 448], [75, 180, 202, 343, 492]], []], [[[90, 182, 193, 295, 375]], [], [[35, 55, 427, 533], [40, 410, 497, 526]]], [[], [[100, 129, 327, 345, 504]], [[78, 285, 514, 555], [45, 73, 435, 458]]]]

12183 6412.699999999999 √
[2, 8, 6] [7, 3, 8]
[[[[0, 1, 2, 3, 4]], [[0, 1, 2, 3, 4]], []], [[[0, 1, 2, 4, 3]], [], [[0, 4, 1, 2]]], [[], [[0, 2, 1, 3, 4]], [[0, 1, 2, 4]]], [[[0, 1, 3, 2, 4], [0, 1, 3, 2, 4]], [[0, 1, 2, 3, 4]], []], [[], [[0, 2, 1, 3, 4], [1, 0, 2, 3, 4]], [[0, 1, 4, 2]]], [[[0, 2, 1, 3, 4], [0, 1, 2, 3, 4]], [], [[0, 1, 4, 2]]], [[[0, 1, 2, 4, 3]], [[1, 0, 2, 3, 4]], [[0, 1, 4, 2]]], [[[0, 1, 2, 4, 3]], [[1, 0, 2, 3, 4], [1, 0, 2, 3, 4]], []], [[[0, 2, 1, 4, 3]], [], [[0, 4, 2, 1], [0, 1, 2, 4]]], [[], [[1, 0, 2, 3, 4]], [[0, 1, 4, 2], [0, 4, 2, 1]]]]
[[[[0, 0, 0, 1, 1]], [[0, 0, 2, 2, 1]], []], [[[2, 0, 2, 1, 1]], [], [[2, 1, 2, 0]]], [[], [[0, 1, 2, 1, 1]], [[1, 2, 1, 1]]], [[[0, 0, 0, 1, 1], [2, 2, 1, 2, 1]], [[1, 2, 0, 2, 1]], []], [[], [[1, 1, 2, 2, 1], [0, 1, 0, 2, 1]], [[2, 2, 1, 0]]], [[[1, 0, 2, 1, 1], [0, 0, 0, 0, 1]], [], [[1, 2, 1, 2]]], [[[1, 0, 2, 1, 2]], [[1, 1, 2, 2, 1]], [[2, 2, 1, 1]]], [[[1, 2, 2, 1, 2]], [[2, 0, 1, 2, 1], [0, 2, 2, 2, 1]], []], [[[2, 0, 0, 1, 0]], [], [[2, 1, 2, 2], [0, 2, 2, 1]]], [[], [[2, 0, 2, 2, 1]], [[1, 2, 1, 0], [1, 1, 2, 1]]]]
[[[[0, 1, 0, 1, 0]], [[0, 1, 1, 0, 0]], []], [[[0, 1, 1, 0, 1]], [], [[0, 0, 1, 0]]], [[], [[0, 2, 1, 1, 0]], [[0, 1, 2, 2]]], [[[0, 1, 1, 2, 0], [0, 1, 1, 1, 2]], [[0, 1, 0, 0, 0]], []], [[], [[0, 2, 1, 0, 2], [1, 0, 0, 0, 2]], [[0, 1, 2, 0]]], [[[0, 0, 1, 1, 2], [0, 1, 0, 1, 2]], [], [[0, 1, 2, 1]]], [[[0, 1, 1, 2, 0]], [[1, 0, 1, 0, 2]], [[0, 1, 2, 2]]], [[[0, 1, 1, 0, 0]], [[1, 0, 2, 0, 2], [1, 0, 1, 0, 0]], []], [[[0, 0, 1, 2, 1]], [], [[0, 2, 1, 1], [0, 1, 1, 0]]], [[], [[1, 0, 1, 0, 0]], [[0, 1, 2, 0], [0, 0, 1, 1]]]]
[[[[5, 89, 108, 175, 197]], [[15, 262, 451, 475, 550]], []], [[[2, 165, 193, 272, 418]], [], [[7, 88, 136, 353]]], [[], [[20, 143, 259, 429, 445]], [[1, 406, 489, 497]]], [[[30, 115, 135, 159, 362], [12, 103, 117, 131, 169]], [[8, 251, 279, 479, 554]], []], [[], [[26, 136, 174, 244, 392], [41, 304, 338, 481, 566]], [[17, 284, 377, 433]]], [[[16, 211, 217, 235, 289], [55, 123, 210, 230, 258]], [], [[31, 68, 336, 377]]], [[[37, 218, 300, 350, 427]], [[52, 300, 325, 422, 482]], [[20, 76, 383, 411]]], [[[72, 163, 190, 270, 390]], [[88, 154, 211, 399, 457], [66, 235, 274, 401, 470]], []], [[[25, 184, 191, 257, 293]], [], [[30, 224, 439, 506], [78, 486, 499, 539]]], [[], [[148, 249, 459, 477, 552]], [[78, 115, 402, 458], [96, 316, 519, 576]]]]

1863.703125