9864 5980.199999999999 √
[2, 8, 6] [7, 3, 8]
[[[[0, 2, 1, 3, 4]], [[0, 2, 1, 3, 4]], []], [[[0, 2, 1, 4, 3]], [], [[0, 1, 2, 4]]], [[], [[1, 0, 2, 3, 4]], [[0, 4, 2, 1]]], [[[0, 1, 2, 3, 4], [0, 1, 2, 4, 3]], [[0, 1, 2, 3, 4]], []], [[], [[1, 0, 2, 3, 4], [0, 1, 2, 3, 4]], [[0, 2, 4, 1]]], [[[0, 1, 3, 2, 4], [0, 2, 1, 3, 4]], [], [[0, 2, 1, 4]]], [[[0, 2, 1, 3, 4]], [[0, 1, 2, 3, 4]], [[0, 1, 2, 4]]], [[[0, 1, 2, 4, 3]], [[0, 2, 1, 3, 4], [0, 1, 2, 3, 4]], []], [[[0, 2, 1, 4, 3]], [], [[0, 1, 4, 2], [0, 1, 4, 2]]], [[], [[0, 2, 1, 3, 4]], [[0, 4, 2, 1], [0, 2, 1, 4]]]]
[[[[0, 1, 1, 1, 1]], [[0, 1, 2, 2, 1]], []], [[[2, 0, 1, 1, 0]], [], [[2, 2, 1, 1]]], [[], [[0, 0, 0, 0, 1]], [[0, 1, 0, 0]]], [[[2, 0, 2, 1, 1], [0, 2, 0, 1, 2]], [[1, 0, 1, 0, 1]], []], [[], [[2, 0, 2, 0, 1], [0, 2, 2, 2, 1]], [[1, 1, 1, 2]]], [[[1, 2, 0, 2, 1], [2, 0, 1, 1, 1]], [], [[1, 0, 0, 1]]], [[[1, 2, 0, 0, 1]], [[0, 2, 0, 2, 1]], [[1, 2, 2, 1]]], [[[2, 2, 2, 1, 2]], [[2, 0, 0, 2, 1], [2, 2, 0, 2, 1]], []], [[[0, 2, 1, 1, 0]], [], [[1, 2, 1, 1], [2, 1, 1, 0]]], [[], [[0, 1, 0, 2, 1]], [[1, 1, 1, 2], [0, 2, 2, 1]]]]
[[[[0, 2, 1, 1, 0]], [[0, 2, 1, 0, 0]], []], [[[0, 0, 1, 2, 1]], [], [[0, 1, 2, 2]]], [[], [[1, 0, 0, 1, 0]], [[0, 0, 0, 1]]], [[[0, 1, 1, 1, 0], [0, 1, 0, 2, 0]], [[0, 1, 2, 1, 0]], []], [[], [[1, 0, 1, 1, 0], [0, 1, 1, 0, 0]], [[0, 2, 2, 1]]], [[[0, 1, 1, 1, 0], [0, 0, 1, 1, 2]], [], [[0, 0, 1, 2]]], [[[0, 1, 1, 1, 0]], [[0, 1, 0, 0, 0]], [[0, 1, 1, 2]]], [[[0, 1, 1, 2, 0]], [[0, 0, 1, 0, 2], [0, 1, 0, 0, 2]], []], [[[0, 1, 1, 0, 1]], [], [[0, 1, 0, 2], [0, 1, 2, 0]]], [[], [[0, 2, 1, 0, 0]], [[0, 0, 2, 1], [0, 1, 1, 2]]]]
[[[[5, 76, 122, 155, 288]], [[32, 240, 300, 338, 436]], []], [[[2, 106, 117, 177, 207]], [], [[7, 69, 302, 330]]], [[], [[16, 260, 303, 328, 403]], [[40, 95, 342, 453]]], [[[12, 113, 192, 264, 286], [50, 96, 133, 233, 241]], [[5, 273, 341, 378, 413]], []], [[], [[21, 162, 255, 429, 466], [60, 168, 202, 228, 362]], [[10, 351, 483, 524]]], [[[16, 121, 189, 271, 290], [36, 132, 143, 199, 234]], [], [[22, 392, 401, 489]]], [[[28, 136, 144, 198, 315]], [[65, 176, 312, 336, 415]], [[34, 351, 372, 506]]], [[[40, 146, 161, 178, 282]], [[50, 175, 244, 291, 374], [56, 81, 227, 293, 378]], []], [[[75, 111, 148, 190, 283]], [], [[36, 359, 425, 498], [63, 253, 388, 444]]], [[], [[93, 218, 417, 438, 468]], [[38, 48, 65, 379], [81, 215, 343, 451]]]]

11298 5968.000000000001 √
[2, 8, 6] [7, 3, 8]
[[[[0, 1, 3, 2, 4]], [[0, 2, 1, 3, 4]], []], [[[0, 1, 3, 2, 4]], [], [[0, 4, 2, 1]]], [[], [[0, 2, 1, 3, 4]], [[0, 1, 2, 4]]], [[[0, 1, 2, 4, 3], [0, 1, 2, 4, 3]], [[0, 2, 1, 3, 4]], []], [[], [[0, 2, 1, 3, 4], [1, 0, 2, 3, 4]], [[0, 4, 2, 1]]], [[[0, 1, 3, 2, 4], [0, 2, 1, 4, 3]], [], [[0, 4, 2, 1]]], [[[0, 1, 2, 3, 4]], [[0, 1, 2, 3, 4]], [[0, 2, 1, 4]]], [[[0, 1, 2, 4, 3]], [[0, 1, 2, 3, 4], [1, 0, 2, 3, 4]], []], [[[0, 1, 2, 4, 3]], [], [[0, 1, 4, 2], [0, 4, 1, 2]]], [[], [[0, 1, 2, 3, 4]], [[0, 1, 4, 2], [0, 2, 1, 4]]]]
[[[[0, 0, 0, 1, 1]], [[2, 2, 2, 2, 1]], []], [[[1, 0, 2, 1, 1]], [], [[1, 1, 1, 2]]], [[], [[1, 0, 0, 2, 1]], [[1, 0, 0, 1]]], [[[2, 0, 0, 1, 0], [2, 1, 1, 1, 2]], [[1, 0, 0, 2, 1]], []], [[], [[0, 1, 1, 0, 1], [1, 0, 0, 2, 1]], [[2, 1, 0, 1]]], [[[2, 2, 1, 2, 1], [2, 2, 1, 1, 2]], [], [[1, 1, 1, 2]]], [[[1, 1, 1, 1, 1]], [[2, 0, 0, 2, 1]], [[1, 2, 0, 1]]], [[[2, 2, 2, 1, 2]], [[1, 2, 2, 2, 1], [0, 2, 0, 1, 1]], []], [[[0, 2, 0, 1, 0]], [], [[2, 2, 1, 1], [1, 1, 2, 0]]], [[], [[0, 2, 0, 0, 1]], [[2, 2, 1, 1], [2, 0, 1, 1]]]]
[[[[0, 1, 1, 2, 0]], [[0, 1, 1, 0, 0]], []], [[[0, 1, 0, 2, 2]], [], [[0, 0, 2, 1]]], [[], [[0, 0, 1, 0, 0]], [[0, 1, 0, 0]]], [[[0, 1, 0, 2, 1], [0, 1, 2, 0, 0]], [[0, 0, 1, 0, 0]], []], [[], [[0, 2, 1, 1, 2], [1, 0, 0, 0, 0]], [[0, 0, 0, 1]]], [[[0, 1, 1, 1, 2], [0, 1, 1, 0, 0]], [], [[0, 2, 2, 1]]], [[[0, 1, 2, 1, 0]], [[0, 1, 0, 0, 2]], [[0, 1, 1, 2]]], [[[0, 1, 1, 0, 0]], [[0, 1, 1, 0, 0], [1, 0, 0, 1, 0]], []], [[[0, 1, 0, 2, 1]], [], [[0, 1, 0, 2], [0, 2, 1, 0]]], [[], [[0, 1, 0, 1, 0]], [[0, 1, 0, 2], [0, 0, 1, 2]]]]
[[[[5, 92, 138, 231, 343]], [[6, 188, 245, 339, 472]], []], [[[4, 195, 208, 235, 361]], [], [[10, 89, 416, 453]]], [[], [[21, 264, 337, 358, 474]], [[26, 78, 389, 533]]], [[[14, 126, 171, 245, 278], [18, 162, 233, 320, 344]], [[17, 111, 154, 286, 429]], []], [[], [[15, 287, 370, 427, 550], [38, 307, 401, 469, 563]], [[23, 307, 441, 573]]], [[[28, 82, 176, 223, 281], [32, 97, 189, 209, 307]], [], [[55, 109, 399, 436]]], [[[61, 130, 151, 169, 211]], [[42, 221, 238, 337, 443]], [[67, 294, 450, 509]]], [[[50, 119, 146, 213, 234]], [[74, 130, 260, 316, 431], [28, 160, 320, 454, 470]], []], [[[42, 174, 255, 360, 371]], [], [[55, 67, 259, 486], [79, 115, 321, 416]]], [[], [[52, 104, 180, 209, 427]], [[58, 270, 330, 518], [61, 296, 380, 407]]]]

7808 6014.5 √
[2, 8, 6] [7, 3, 8]
[[[[0, 1, 3, 2, 4]], [[0, 1, 2, 3, 4]], []], [[[0, 2, 1, 3, 4]], [], [[0, 4, 2, 1]]], [[], [[1, 0, 2, 3, 4]], [[0, 2, 1, 4]]], [[[0, 1, 2, 3, 4], [0, 1, 2, 4, 3]], [[0, 1, 2, 3, 4]], []], [[], [[0, 2, 1, 3, 4], [0, 1, 2, 3, 4]], [[0, 4, 1, 2]]], [[[0, 2, 1, 3, 4], [0, 2, 1, 4, 3]], [], [[0, 2, 4, 1]]], [[[0, 1, 3, 2, 4]], [[0, 1, 2, 3, 4]], [[0, 4, 1, 2]]], [[[0, 1, 2, 4, 3]], [[0, 2, 1, 3, 4], [1, 0, 2, 3, 4]], []], [[[0, 2, 1, 4, 3]], [], [[0, 4, 2, 1], [0, 4, 2, 1]]], [[], [[0, 1, 2, 3, 4]], [[0, 4, 2, 1], [0, 2, 4, 1]]]]
[[[[2, 2, 1, 2, 1]], [[1, 2, 2, 0, 1]], []], [[[0, 0, 2, 0, 1]], [], [[2, 1, 2, 2]]], [[], [[0, 1, 0, 0, 1]], [[0, 2, 2, 1]]], [[[1, 2, 0, 2, 1], [1, 2, 0, 1, 2]], [[1, 1, 2, 1, 1]], []], [[], [[1, 1, 1, 2, 1], [0, 1, 2, 0, 1]], [[1, 1, 0, 0]]], [[[1, 0, 0, 2, 1], [0, 2, 2, 1, 2]], [], [[0, 0, 1, 1]]], [[[0, 2, 0, 0, 1]], [[2, 2, 0, 2, 1]], [[2, 1, 2, 0]]], [[[2, 2, 0, 1, 0]], [[1, 0, 2, 2, 1], [1, 0, 0, 0, 1]], []], [[[0, 0, 2, 1, 1]], [], [[0, 1, 0, 2], [1, 1, 2, 2]]], [[], [[0, 2, 0, 0, 1]], [[1, 1, 0, 0], [2, 2, 1, 1]]]]
[[[[0, 1, 1, 1, 0]], [[0, 1, 1, 1, 2]], []], [[[0, 0, 1, 1, 0]], [], [[0, 2, 1, 1]]], [[], [[1, 0, 0, 1, 0]], [[0, 1, 1, 0]]], [[[0, 1, 0, 0, 0], [0, 1, 0, 0, 0]], [[0, 1, 1, 1, 0]], []], [[], [[0, 2, 1, 0, 0], [0, 1, 1, 1, 0]], [[0, 2, 1, 0]]], [[[0, 0, 1, 0, 0], [0, 1, 1, 0, 0]], [], [[0, 0, 0, 1]]], [[[0, 1, 1, 0, 0]], [[0, 1, 0, 0, 0]], [[0, 2, 1, 0]]], [[[0, 1, 0, 0, 1]], [[0, 0, 1, 0, 2], [1, 0, 0, 1, 0]], []], [[[0, 0, 1, 0, 1]], [], [[0, 2, 0, 1], [0, 0, 1, 1]]], [[], [[0, 1, 0, 1, 2]], [[0, 0, 0, 1], [0, 1, 2, 1]]]]
[[[[2, 54, 158, 172, 194]], [[5, 138, 234, 273, 437]], []], [[[5, 100, 106, 162, 299]], [], [[7, 254, 342, 423]]], [[], [[16, 237, 316, 346, 454]], [[28, 362, 369, 464]]], [[[13, 113, 147, 262, 305], [18, 120, 182, 230, 276]], [[28, 120, 226, 367, 385]], []], [[], [[32, 146, 170, 271, 383], [40, 127, 196, 268, 421]], [[37, 266, 395, 413]]], [[[43, 120, 127, 212, 303], [50, 88, 182, 196, 323]], [], [[56, 108, 339, 395]]], [[[66, 98, 153, 183, 301]], [[16, 72, 201, 332, 417]], [[23, 260, 349, 382]]], [[[28, 61, 146, 192, 227]], [[53, 192, 307, 334, 433], [67, 217, 247, 263, 419]], []], [[[69, 101, 127, 198, 277]], [], [[75, 213, 386, 415], [84, 96, 288, 295]]], [[], [[87, 246, 325, 341, 441]], [[86, 103, 287, 296], [33, 42, 320, 354]]]]

12713 5733.400000000001 √
[2, 8, 6] [7, 3, 8]
[[[[0, 1, 2, 3, 4]], [[0, 1, 2, 3, 4]], []], [[[0, 1, 3, 2, 4]], [], [[0, 2, 1, 4]]], [[], [[0, 2, 1, 3, 4]], [[0, 4, 1, 2]]], [[[0, 2, 1, 4, 3], [0, 2, 1, 3, 4]], [[1, 0, 2, 3, 4]], []], [[], [[0, 2, 1, 3, 4], [0, 1, 2, 3, 4]], [[0, 2, 4, 1]]], [[[0, 1, 2, 3, 4], [0, 1, 3, 2, 4]], [], [[0, 1, 4, 2]]], [[[0, 1, 2, 3, 4]], [[1, 0, 2, 3, 4]], [[0, 1, 2, 4]]], [[[0, 2, 1, 3, 4]], [[0, 2, 1, 3, 4], [0, 2, 1, 3, 4]], []], [[[0, 2, 1, 4, 3]], [], [[0, 4, 2, 1], [0, 1, 2, 4]]], [[], [[1, 0, 2, 3, 4]], [[0, 2, 1, 4], [0, 4, 1, 2]]]]
[[[[2, 2, 2, 0, 1]], [[0, 0, 2, 2, 1]], []], [[[2, 0, 2, 2, 1]], [], [[1, 2, 0, 1]]], [[], [[1, 2, 2, 1, 1]], [[1, 1, 1, 1]]], [[[0, 2, 2, 1, 2], [0, 0, 1, 0, 1]], [[1, 0, 2, 2, 1]], []], [[], [[1, 1, 1, 1, 1], [1, 1, 1, 1, 1]], [[2, 0, 1, 0]]], [[[0, 2, 2, 1, 1], [1, 1, 2, 0, 1]], [], [[1, 0, 1, 0]]], [[[2, 0, 0, 2, 1]], [[1, 0, 2, 0, 1]], [[0, 0, 2, 1]]], [[[0, 0, 1, 0, 1]], [[1, 2, 2, 2, 1], [0, 0, 2, 2, 1]], []], [[[2, 2, 2, 1, 2]], [], [[0, 1, 0, 1], [2, 2, 2, 1]]], [[], [[0, 0, 0, 0, 1]], [[2, 0, 2, 1], [2, 1, 0, 2]]]]
[[[[0, 1, 1, 1, 2]], [[0, 1, 1, 0, 2]], []], [[[0, 1, 0, 1, 0]], [], [[0, 1, 1, 2]]], [[], [[0, 1, 1, 1, 0]], [[0, 0, 1, 2]]], [[[0, 1, 1, 0, 0], [0, 0, 1, 1, 2]], [[1, 0, 1, 0, 2]], []], [[], [[0, 2, 1, 1, 0], [0, 1, 2, 1, 2]], [[0, 0, 2, 1]]], [[[0, 1, 1, 1, 2], [0, 1, 0, 0, 0]], [], [[0, 1, 2, 0]]], [[[0, 1, 0, 0, 0]], [[1, 0, 1, 1, 0]], [[0, 1, 1, 0]]], [[[0, 0, 1, 1, 2]], [[0, 1, 1, 0, 2], [0, 0, 1, 0, 2]], []], [[[0, 1, 1, 2, 0]], [], [[0, 2, 0, 1], [0, 1, 1, 0]]], [[], [[1, 0, 0, 1, 0]], [[0, 0, 1, 2], [0, 0, 1, 1]]]]
[[[[2, 160, 178, 221, 281]], [[7, 97, 368, 384, 484]], []], [[[6, 151, 192, 251, 264]], [], [[1, 38, 356, 537]]], [[], [[8, 277, 330, 454, 472]], [[13, 304, 498, 529]]], [[[17, 83, 153, 203, 319], [20, 87, 151, 230, 249]], [[25, 211, 235, 358, 404]], []], [[], [[46, 87, 120, 142, 169], [50, 113, 233, 320, 333]], [[11, 260, 441, 497]]], [[[23, 129, 175, 214, 283], [58, 103, 115, 144, 205]], [], [[64, 332, 520, 576]]], [[[16, 159, 203, 221, 262]], [[181, 249, 269, 292, 392]], [[29, 107, 343, 421]]], [[[39, 88, 133, 171, 250]], [[71, 285, 401, 417, 488], [49, 127, 297, 356, 379]], []], [[[50, 181, 206, 282, 313]], [], [[57, 370, 426, 555], [55, 67, 141, 350]]], [[], [[70, 190, 308, 347, 470]], [[58, 323, 389, 543], [61, 297, 365, 425]]]]

1772.796875