13516 5221.099999999999 √
[2, 8, 6] [7, 5, 8]
[[[[0, 1, 2, 3, 4]], [[1, 0, 2, 3, 4]], []], [[[0, 2, 1, 3, 4]], [], [[0, 4, 2, 1]]], [[], [[0, 1, 2, 3, 4]], [[0, 1, 2, 4]]], [[[0, 2, 1, 4, 3], [0, 1, 2, 4, 3]], [[0, 1, 2, 3, 4]], []], [[], [[1, 0, 2, 3, 4], [1, 0, 2, 3, 4]], [[0, 4, 2, 1]]], [[[0, 1, 2, 4, 3], [0, 1, 2, 4, 3]], [], [[0, 1, 4, 2]]], [[[0, 1, 2, 3, 4]], [[1, 0, 2, 3, 4]], [[0, 2, 4, 1]]], [[[0, 2, 1, 3, 4]], [[1, 0, 2, 3, 4], [0, 1, 2, 3, 4]], []], [[[0, 2, 1, 3, 4]], [], [[0, 2, 4, 1], [0, 2, 4, 1]]], [[], [[0, 1, 2, 3, 4]], [[0, 2, 1, 4], [0, 1, 4, 2]]]]
[[[[0, 0, 2, 0, 1]], [[0, 0, 2, 0, 1]], []], [[[2, 2, 2, 0, 1]], [], [[1, 1, 0, 0]]], [[], [[2, 2, 0, 2, 1]], [[1, 2, 2, 1]]], [[[2, 1, 1, 1, 0], [1, 2, 2, 1, 2]], [[1, 1, 1, 2, 1]], []], [[], [[0, 0, 0, 2, 1], [0, 0, 0, 2, 1]], [[1, 1, 1, 1]]], [[[2, 2, 1, 1, 0], [0, 1, 2, 1, 2]], [], [[1, 2, 1, 0]]], [[[2, 1, 2, 1, 1]], [[0, 2, 2, 2, 1]], [[0, 1, 1, 1]]], [[[0, 2, 2, 0, 1]], [[0, 0, 0, 2, 1], [0, 2, 0, 0, 1]], []], [[[1, 1, 2, 2, 1]], [], [[0, 2, 1, 2], [2, 2, 1, 1]]], [[], [[0, 0, 0, 2, 1]], [[0, 0, 1, 1], [0, 0, 1, 2]]]]
[[[[0, 1, 1, 1, 2]], [[1, 0, 1, 1, 0]], []], [[[0, 1, 1, 1, 2]], [], [[0, 2, 0, 1]]], [[], [[0, 1, 0, 0, 0]], [[0, 1, 1, 0]]], [[[0, 2, 1, 0, 1], [0, 1, 1, 0, 0]], [[0, 1, 2, 0, 0]], []], [[], [[1, 0, 0, 0, 0], [1, 0, 0, 0, 0]], [[0, 2, 2, 1]]], [[[0, 1, 2, 2, 1], [0, 1, 1, 0, 0]], [], [[0, 1, 0, 0]]], [[[0, 1, 1, 1, 0]], [[1, 0, 1, 0, 0]], [[0, 2, 0, 1]]], [[[0, 1, 1, 1, 2]], [[1, 0, 0, 0, 0], [0, 1, 0, 1, 0]], []], [[[0, 2, 1, 0, 2]], [], [[0, 1, 2, 1], [0, 1, 0, 1]]], [[], [[0, 1, 0, 0, 0]], [[0, 0, 1, 2], [0, 1, 0, 1]]]]
[[[[5, 135, 177, 231, 406]], [[16, 212, 275, 369, 556]], []], [[[2, 55, 121, 296, 313]], [], [[1, 92, 179, 437]]], [[], [[12, 139, 191, 321, 464]], [[3, 337, 539, 578]]], [[[20, 234, 250, 277, 287], [9, 128, 180, 275, 328]], [[24, 322, 350, 393, 558]], []], [[], [[22, 328, 467, 491, 568], [28, 207, 385, 420, 562]], [[15, 98, 144, 185]]], [[[24, 65, 139, 294, 338], [48, 255, 265, 377, 384]], [], [[17, 106, 170, 455]]], [[[28, 245, 255, 331, 418]], [[71, 208, 283, 323, 466]], [[83, 128, 211, 534]]], [[[93, 101, 190, 222, 435]], [[34, 357, 394, 418, 560], [58, 295, 403, 428, 564]], []], [[[32, 155, 162, 217, 365]], [], [[99, 308, 392, 441], [33, 42, 72, 442]]], [[], [[111, 312, 412, 436, 566]], [[119, 152, 476, 522], [124, 161, 502, 534]]]]

12278 5710.299999999999 √
[2, 4, 6] [7, 3, 8]
[[[[0, 2, 1, 4, 3]], [[0, 2, 1, 3, 4]], []], [[[0, 1, 2, 3, 4]], [], [[0, 2, 1, 4]]], [[], [[1, 0, 2, 3, 4]], [[0, 4, 1, 2]]], [[[0, 2, 1, 4, 3], [0, 1, 2, 4, 3]], [[1, 0, 2, 3, 4]], []], [[], [[0, 2, 1, 3, 4], [0, 2, 1, 3, 4]], [[0, 2, 1, 4]]], [[[0, 2, 1, 3, 4], [0, 2, 1, 3, 4]], [], [[0, 1, 2, 4]]], [[[0, 2, 1, 3, 4]], [[0, 1, 2, 3, 4]], [[0, 4, 2, 1]]], [[[0, 1, 2, 3, 4]], [[0, 2, 1, 3, 4], [0, 1, 2, 3, 4]], []], [[[0, 2, 1, 4, 3]], [], [[0, 1, 4, 2], [0, 4, 2, 1]]], [[], [[0, 2, 1, 3, 4]], [[0, 2, 1, 4], [0, 4, 1, 2]]]]
[[[[1, 1, 1, 1, 0]], [[1, 1, 2, 1, 1]], []], [[[1, 2, 0, 2, 1]], [], [[0, 1, 1, 1]]], [[], [[1, 1, 0, 2, 1]], [[0, 1, 0, 1]]], [[[2, 0, 0, 1, 2], [2, 2, 0, 1, 0]], [[1, 1, 0, 0, 1]], []], [[], [[1, 2, 2, 0, 1], [2, 0, 0, 0, 1]], [[0, 0, 2, 1]]], [[[2, 2, 2, 2, 1], [1, 0, 2, 2, 1]], [], [[2, 2, 2, 1]]], [[[0, 0, 2, 2, 1]], [[0, 2, 1, 2, 1]], [[2, 1, 1, 2]]], [[[1, 2, 2, 2, 1]], [[1, 2, 0, 2, 1], [1, 0, 2, 2, 1]], []], [[[0, 2, 2, 1, 2]], [], [[1, 0, 1, 1], [1, 1, 2, 0]]], [[], [[0, 0, 0, 0, 1]], [[1, 0, 0, 1], [0, 1, 0, 0]]]]
[[[[0, 2, 1, 0, 1]], [[0, 2, 1, 1, 0]], []], [[[0, 1, 0, 0, 2]], [], [[0, 2, 1, 2]]], [[], [[1, 0, 0, 0, 0]], [[0, 2, 1, 2]]], [[[0, 0, 1, 2, 0], [0, 1, 0, 0, 1]], [[1, 0, 0, 1, 2]], []], [[], [[0, 1, 1, 1, 0], [0, 0, 1, 1, 2]], [[0, 0, 1, 2]]], [[[0, 1, 1, 0, 2], [0, 0, 1, 0, 0]], [], [[0, 1, 1, 2]]], [[[0, 0, 1, 0, 0]], [[0, 1, 2, 0, 0]], [[0, 0, 2, 1]]], [[[0, 1, 1, 0, 2]], [[0, 1, 1, 0, 0], [0, 1, 1, 0, 0]], []], [[[0, 1, 1, 2, 0]], [], [[0, 1, 0, 2], [0, 2, 1, 1]]], [[], [[0, 0, 1, 1, 0]], [[0, 0, 1, 0], [0, 2, 1, 0]]]]
[[[[4, 156, 167, 199, 207]], [[14, 140, 231, 393, 450]], []], [[[22, 142, 165, 214, 328]], [], [[3, 347, 428, 471]]], [[], [[37, 206, 269, 341, 506]], [[8, 114, 354, 493]]], [[[2, 119, 126, 229, 291], [6, 51, 166, 241, 249]], [[44, 210, 278, 307, 486]], []], [[], [[65, 184, 269, 345, 510], [27, 102, 141, 174, 352]], [[13, 81, 300, 477]]], [[[10, 66, 87, 247, 260], [73, 164, 170, 208, 311]], [], [[15, 36, 328, 465]]], [[[23, 74, 80, 128, 243]], [[33, 112, 335, 363, 504]], [[18, 274, 345, 382]]], [[[78, 101, 262, 285, 329]], [[88, 192, 295, 365, 512], [92, 223, 315, 343, 508]], []], [[[43, 69, 94, 187, 220]], [], [[97, 316, 413, 524], [99, 294, 395, 452]]], [[], [[53, 93, 147, 179, 365]], [[126, 334, 443, 539], [61, 380, 416, 434]]]]

10726 6962.7 √
[2, 8, 6] [7, 3, 8]
[[[[0, 1, 2, 4, 3]], [[0, 2, 1, 3, 4]], []], [[[0, 2, 1, 4, 3]], [], [[0, 2, 4, 1]]], [[], [[1, 0, 2, 3, 4]], [[0, 2, 1, 4]]], [[[0, 2, 1, 3, 4], [0, 1, 3, 2, 4]], [[0, 1, 2, 3, 4]], []], [[], [[0, 2, 1, 3, 4], [1, 0, 2, 3, 4]], [[0, 1, 2, 4]]], [[[0, 1, 3, 2, 4], [0, 2, 1, 4, 3]], [], [[0, 2, 4, 1]]], [[[0, 2, 1, 4, 3]], [[0, 1, 2, 3, 4]], [[0, 4, 2, 1]]], [[[0, 2, 1, 3, 4]], [[0, 1, 2, 3, 4], [0, 2, 1, 3, 4]], []], [[[0, 1, 2, 4, 3]], [], [[0, 2, 1, 4], [0, 4, 1, 2]]], [[], [[0, 2, 1, 3, 4]], [[0, 1, 2, 4], [0, 4, 1, 2]]]]
[[[[1, 1, 2, 1, 0]], [[2, 2, 1, 2, 1]], []], [[[1, 2, 0, 1, 1]], [], [[1, 0, 1, 1]]], [[], [[0, 2, 0, 2, 1]], [[1, 2, 2, 1]]], [[[0, 0, 2, 2, 1], [2, 0, 2, 2, 1]], [[0, 2, 2, 2, 1]], []], [[], [[2, 0, 0, 0, 1], [2, 0, 2, 0, 1]], [[2, 0, 1, 1]]], [[[1, 0, 2, 0, 1], [0, 2, 0, 1, 2]], [], [[1, 0, 1, 2]]], [[[0, 1, 0, 1, 2]], [[2, 1, 2, 2, 1]], [[0, 1, 0, 0]]], [[[2, 0, 0, 0, 1]], [[1, 0, 2, 1, 1], [1, 0, 2, 2, 1]], []], [[[1, 0, 2, 1, 0]], [], [[1, 1, 2, 1], [2, 1, 2, 2]]], [[], [[2, 1, 0, 2, 1]], [[0, 0, 0, 1], [0, 1, 2, 2]]]]
[[[[0, 1, 1, 0, 1]], [[0, 1, 1, 0, 0]], []], [[[0, 1, 1, 0, 1]], [], [[0, 0, 0, 1]]], [[], [[1, 0, 0, 0, 2]], [[0, 1, 1, 2]]], [[[0, 0, 1, 0, 0], [0, 1, 0, 1, 0]], [[0, 1, 1, 0, 0]], []], [[], [[0, 0, 1, 1, 0], [1, 0, 1, 1, 2]], [[0, 1, 2, 0]]], [[[0, 1, 0, 0, 0], [0, 1, 1, 0, 0]], [], [[0, 0, 0, 1]]], [[[0, 2, 1, 0, 0]], [[0, 1, 1, 0, 2]], [[0, 2, 0, 1]]], [[[0, 0, 1, 1, 0]], [[0, 1, 1, 1, 2], [0, 0, 1, 0, 0]], []], [[[0, 1, 1, 0, 1]], [], [[0, 2, 1, 0], [0, 2, 1, 1]]], [[], [[0, 2, 1, 0, 2]], [[0, 1, 0, 0], [0, 2, 1, 1]]]]
[[[[4, 126, 163, 173, 336]], [[6, 82, 289, 374, 471]], []], [[[9, 201, 222, 260, 335]], [], [[15, 393, 540, 573]]], [[], [[16, 254, 409, 433, 563]], [[17, 113, 379, 595]]], [[[5, 74, 148, 221, 258], [14, 125, 174, 319, 359]], [[32, 133, 235, 274, 399]], []], [[], [[42, 241, 284, 438, 551], [23, 313, 350, 443, 604]], [[49, 294, 445, 502]]], [[[23, 198, 215, 356, 367], [42, 126, 214, 262, 279]], [], [[29, 98, 272, 335]]], [[[45, 147, 206, 224, 263]], [[58, 236, 303, 330, 411]], [[51, 106, 162, 423]]], [[[66, 191, 256, 268, 357]], [[36, 326, 358, 482, 519], [40, 110, 185, 272, 397]], []], [[[48, 172, 204, 326, 362]], [], [[54, 115, 288, 428], [71, 309, 446, 459]]], [[], [[101, 154, 378, 399, 523]], [[56, 80, 397, 460], [61, 382, 438, 464]]]]

11033 6385.5 √
[2, 8, 6] [7, 3, 8]
[[[[0, 1, 2, 4, 3]], [[0, 1, 2, 3, 4]], []], [[[0, 1, 2, 3, 4]], [], [[0, 2, 1, 4]]], [[], [[1, 0, 2, 3, 4]], [[0, 4, 2, 1]]], [[[0, 1, 2, 3, 4], [0, 2, 1, 3, 4]], [[1, 0, 2, 3, 4]], []], [[], [[1, 0, 2, 3, 4], [0, 1, 2, 3, 4]], [[0, 1, 2, 4]]], [[[0, 2, 1, 4, 3], [0, 1, 2, 4, 3]], [], [[0, 2, 1, 4]]], [[[0, 1, 2, 3, 4]], [[0, 1, 2, 3, 4]], [[0, 4, 1, 2]]], [[[0, 1, 2, 4, 3]], [[0, 2, 1, 3, 4], [1, 0, 2, 3, 4]], []], [[[0, 2, 1, 4, 3]], [], [[0, 2, 4, 1], [0, 2, 4, 1]]], [[], [[0, 1, 2, 3, 4]], [[0, 4, 1, 2], [0, 2, 4, 1]]]]
[[[[2, 1, 2, 1, 2]], [[2, 2, 2, 0, 1]], []], [[[1, 2, 2, 2, 1]], [], [[1, 1, 1, 1]]], [[], [[0, 2, 1, 2, 1]], [[2, 1, 2, 0]]], [[[0, 2, 0, 2, 1], [0, 1, 2, 0, 1]], [[1, 2, 0, 0, 1]], []], [[], [[1, 2, 0, 2, 1], [1, 0, 0, 2, 1]], [[0, 2, 2, 1]]], [[[0, 2, 0, 1, 2], [0, 0, 1, 1, 1]], [], [[2, 1, 0, 1]]], [[[1, 2, 0, 2, 1]], [[1, 0, 2, 0, 1]], [[1, 1, 0, 2]]], [[[1, 1, 0, 1, 2]], [[2, 0, 2, 2, 1], [0, 2, 0, 2, 1]], []], [[[1, 1, 0, 1, 0]], [], [[0, 2, 1, 2], [1, 2, 1, 1]]], [[], [[1, 1, 1, 2, 1]], [[1, 1, 0, 0], [0, 0, 1, 2]]]]
[[[[0, 1, 1, 2, 0]], [[0, 1, 1, 1, 0]], []], [[[0, 1, 1, 0, 0]], [], [[0, 2, 1, 2]]], [[], [[1, 0, 2, 0, 0]], [[0, 0, 1, 1]]], [[[0, 1, 0, 0, 2], [0, 2, 1, 1, 0]], [[1, 0, 0, 1, 0]], []], [[], [[1, 0, 0, 0, 0], [0, 1, 0, 0, 0]], [[0, 1, 1, 0]]], [[[0, 1, 1, 0, 0], [0, 1, 2, 0, 1]], [], [[0, 2, 1, 0]]], [[[0, 1, 0, 0, 0]], [[0, 1, 1, 1, 0]], [[0, 2, 1, 1]]], [[[0, 1, 0, 0, 0]], [[0, 0, 1, 0, 0], [1, 0, 0, 0, 0]], []], [[[0, 2, 1, 0, 1]], [], [[0, 1, 0, 1], [0, 1, 0, 1]]], [[], [[0, 1, 2, 0, 2]], [[0, 0, 1, 0], [0, 0, 0, 1]]]]
[[[[2, 169, 181, 262, 331]], [[12, 99, 132, 345, 437]], []], [[[4, 70, 162, 244, 327]], [], [[10, 114, 400, 462]]], [[], [[7, 88, 341, 387, 447]], [[19, 234, 395, 428]]], [[[27, 45, 161, 192, 261], [30, 190, 279, 291, 323]], [[22, 118, 329, 387, 441]], []], [[], [[29, 204, 361, 385, 445], [50, 253, 320, 344, 439]], [[36, 228, 291, 426]]], [[[46, 60, 204, 222, 250], [49, 71, 192, 325, 353]], [], [[22, 251, 419, 546]]], [[[58, 147, 159, 219, 289]], [[68, 219, 264, 392, 443]], [[73, 122, 401, 435]]], [[[79, 137, 160, 205, 304]], [[31, 189, 315, 342, 390], [13, 210, 236, 340, 388]], []], [[[84, 158, 170, 224, 300]], [], [[55, 352, 495, 538], [90, 357, 481, 510]]], [[], [[97, 301, 372, 448, 529]], [[102, 276, 410, 446], [60, 376, 488, 530]]]]

1790.3125