4009 2801.8 √
[6, 7, 9] [6, 3, 6]
[[[[0, 2, 1, 4, 3]], [[0, 2, 1, 3, 4]], []], [[[0, 2, 1, 3, 4]], [], [[0, 4, 2, 1]]], [[], [[0, 1, 2, 3, 4]], [[0, 2, 1, 4]]], [[[0, 2, 1, 4, 3], [0, 2, 1, 3, 4]], [[0, 1, 2, 3, 4]], []], [[], [[0, 1, 2, 3, 4], [0, 1, 2, 3, 4]], [[0, 4, 1, 2]]], [[[0, 1, 2, 4, 3], [0, 1, 3, 2, 4]], [], [[0, 2, 1, 4]]], [[[0, 1, 2, 3, 4]], [[0, 2, 1, 3, 4]], [[0, 2, 1, 4]]], [[[0, 2, 1, 3, 4]], [[1, 0, 2, 3, 4], [1, 0, 2, 3, 4]], []], [[[0, 2, 1, 3, 4]], [], [[0, 4, 2, 1], [0, 2, 4, 1]]], [[], [[1, 0, 2, 3, 4]], [[0, 4, 2, 1], [0, 2, 4, 1]]]]
[[[[2, 2, 1, 1, 2]], [[2, 2, 0, 0, 1]], []], [[[1, 0, 0, 1, 1]], [], [[1, 1, 0, 0]]], [[], [[2, 2, 2, 2, 1]], [[0, 0, 0, 1]]], [[[0, 1, 0, 1, 2], [0, 0, 2, 2, 1]], [[2, 2, 2, 2, 1]], []], [[], [[0, 0, 2, 2, 1], [0, 0, 2, 2, 1]], [[1, 1, 0, 0]]], [[[0, 0, 1, 1, 2], [1, 0, 0, 0, 1]], [], [[0, 0, 0, 1]]], [[[1, 1, 2, 2, 1]], [[1, 2, 0, 0, 1]], [[0, 0, 0, 1]]], [[[2, 0, 0, 1, 1]], [[2, 1, 2, 2, 1], [2, 1, 1, 2, 1]], []], [[[2, 2, 0, 2, 1]], [], [[1, 1, 1, 0], [1, 1, 1, 2]]], [[], [[2, 0, 2, 2, 1]], [[1, 1, 2, 0], [0, 1, 1, 1]]]]
[[[[0, 1, 1, 0, 0]], [[0, 1, 1, 1, 0]], []], [[[0, 0, 1, 1, 0]], [], [[0, 0, 0, 1]]], [[], [[0, 1, 1, 0, 0]], [[0, 0, 1, 0]]], [[[0, 2, 1, 0, 0], [0, 0, 1, 0, 0]], [[0, 1, 1, 0, 0]], []], [[], [[0, 1, 1, 0, 0], [0, 1, 1, 0, 0]], [[0, 0, 1, 0]]], [[[0, 1, 2, 2, 0], [0, 1, 1, 0, 0]], [], [[0, 0, 1, 2]]], [[[0, 1, 1, 0, 0]], [[0, 1, 1, 1, 0]], [[0, 0, 1, 0]]], [[[0, 0, 1, 1, 2]], [[1, 0, 1, 0, 0], [1, 0, 2, 0, 0]], []], [[[0, 1, 1, 0, 0]], [], [[0, 0, 2, 1], [0, 2, 2, 1]]], [[], [[1, 0, 1, 0, 0]], [[0, 0, 1, 1], [0, 2, 2, 1]]]]
[[[[2, 111, 126, 157, 238]], [[355, 369, 386, 398, 415]], []], [[[9, 52, 82, 101, 159]], [], [[1, 200, 276, 323]]], [[], [[12, 87, 164, 289, 336]], [[3, 221, 296, 325]]], [[[21, 94, 100, 155, 278], [18, 53, 68, 125, 161]], [[18, 95, 299, 315, 340]], []], [[], [[34, 141, 156, 347, 364], [39, 233, 262, 345, 362]], [[15, 193, 305, 341]]], [[[24, 66, 92, 178, 188], [21, 90, 125, 210, 256]], [], [[8, 156, 258, 292]]], [[[26, 121, 140, 232, 258]], [[145, 172, 239, 287, 338]], [[163, 217, 249, 317]]], [[[52, 59, 74, 108, 179]], [[37, 63, 210, 319, 344], [29, 67, 238, 287, 346]], []], [[[56, 114, 191, 226, 260]], [], [[3, 44, 81, 112], [32, 217, 298, 329]]], [[], [[79, 180, 202, 317, 342]], [[34, 51, 250, 314], [168, 219, 227, 270]]]]

4159 2691.2 √
[6, 7, 9] [6, 3, 6]
[[[[0, 2, 1, 4, 3]], [[0, 2, 1, 3, 4]], []], [[[0, 2, 1, 3, 4]], [], [[0, 4, 2, 1]]], [[], [[0, 1, 2, 3, 4]], [[0, 2, 1, 4]]], [[[0, 2, 1, 4, 3], [0, 2, 1, 3, 4]], [[0, 1, 2, 3, 4]], []], [[], [[0, 1, 2, 3, 4], [0, 1, 2, 3, 4]], [[0, 4, 1, 2]]], [[[0, 1, 2, 4, 3], [0, 1, 3, 2, 4]], [], [[0, 2, 1, 4]]], [[[0, 1, 2, 3, 4]], [[0, 2, 1, 3, 4]], [[0, 2, 1, 4]]], [[[0, 2, 1, 3, 4]], [[1, 0, 2, 3, 4], [1, 0, 2, 3, 4]], []], [[[0, 2, 1, 3, 4]], [], [[0, 4, 2, 1], [0, 2, 4, 1]]], [[], [[1, 0, 2, 3, 4]], [[0, 4, 2, 1], [0, 2, 4, 1]]]]
[[[[2, 2, 1, 1, 2]], [[2, 2, 0, 0, 1]], []], [[[1, 0, 0, 1, 1]], [], [[1, 1, 0, 0]]], [[], [[2, 2, 2, 2, 1]], [[0, 0, 0, 1]]], [[[0, 1, 0, 1, 2], [0, 0, 2, 2, 1]], [[2, 2, 2, 2, 1]], []], [[], [[0, 0, 2, 2, 1], [0, 0, 2, 2, 1]], [[1, 1, 0, 0]]], [[[0, 0, 1, 1, 2], [1, 0, 0, 0, 1]], [], [[0, 0, 0, 1]]], [[[1, 1, 2, 2, 1]], [[1, 2, 0, 0, 1]], [[0, 0, 0, 1]]], [[[2, 0, 0, 1, 1]], [[2, 2, 2, 2, 1], [2, 1, 1, 2, 1]], []], [[[2, 2, 0, 2, 1]], [], [[1, 1, 1, 0], [1, 1, 1, 2]]], [[], [[2, 0, 2, 2, 1]], [[1, 1, 2, 0], [0, 1, 1, 1]]]]
[[[[0, 1, 1, 0, 0]], [[0, 1, 1, 1, 0]], []], [[[0, 0, 1, 1, 0]], [], [[0, 0, 0, 1]]], [[], [[0, 1, 1, 0, 0]], [[0, 0, 1, 0]]], [[[0, 2, 1, 0, 0], [0, 0, 1, 0, 0]], [[0, 1, 1, 0, 0]], []], [[], [[0, 1, 1, 0, 0], [0, 1, 1, 0, 0]], [[0, 0, 1, 0]]], [[[0, 1, 2, 2, 0], [0, 1, 1, 0, 0]], [], [[0, 0, 1, 2]]], [[[0, 1, 1, 0, 0]], [[0, 1, 1, 1, 0]], [[0, 0, 1, 0]]], [[[0, 0, 1, 1, 2]], [[1, 0, 1, 0, 0], [1, 0, 2, 0, 0]], []], [[[0, 1, 1, 0, 0]], [], [[0, 0, 2, 1], [0, 2, 2, 1]]], [[], [[1, 0, 1, 0, 0]], [[0, 0, 1, 1], [0, 2, 2, 1]]]]
[[[[2, 123, 131, 162, 244]], [[360, 374, 391, 403, 420]], []], [[[9, 52, 90, 102, 164]], [], [[1, 205, 274, 321]]], [[], [[12, 99, 170, 293, 340]], [[3, 219, 294, 329]]], [[[21, 90, 98, 160, 284], [18, 53, 80, 137, 166]], [[18, 107, 305, 321, 344]], []], [[], [[34, 139, 162, 352, 369], [39, 231, 268, 350, 367]], [[15, 198, 303, 339]]], [[[24, 66, 88, 183, 194], [21, 82, 123, 208, 261]], [], [[8, 154, 256, 297]]], [[[26, 122, 152, 238, 263]], [[150, 178, 237, 285, 342]], [[161, 215, 247, 322]]], [[[52, 59, 74, 109, 184]], [[37, 66, 216, 325, 348], [29, 63, 243, 295, 350]], []], [[[56, 126, 189, 232, 265]], [], [[3, 44, 77, 110], [32, 222, 303, 334]]], [[], [[91, 178, 208, 323, 346]], [[34, 51, 256, 312], [166, 224, 232, 275]]]]

3937 2873.8999999999996 √
[6, 7, 7] [6, 3, 8]
[[[[0, 2, 1, 4, 3]], [[0, 2, 1, 3, 4]], []], [[[0, 2, 1, 3, 4]], [], [[0, 4, 2, 1]]], [[], [[0, 1, 2, 3, 4]], [[0, 2, 1, 4]]], [[[0, 2, 1, 4, 3], [0, 2, 1, 3, 4]], [[0, 1, 2, 3, 4]], []], [[], [[0, 1, 2, 3, 4], [0, 1, 2, 3, 4]], [[0, 4, 1, 2]]], [[[0, 1, 2, 4, 3], [0, 1, 3, 2, 4]], [], [[0, 2, 1, 4]]], [[[0, 1, 2, 3, 4]], [[0, 2, 1, 3, 4]], [[0, 2, 1, 4]]], [[[0, 2, 1, 3, 4]], [[1, 0, 2, 3, 4], [1, 0, 2, 3, 4]], []], [[[0, 2, 1, 3, 4]], [], [[0, 4, 2, 1], [0, 2, 4, 1]]], [[], [[1, 0, 2, 3, 4]], [[0, 4, 2, 1], [0, 2, 4, 1]]]]
[[[[2, 2, 1, 1, 2]], [[2, 2, 0, 0, 1]], []], [[[1, 0, 0, 1, 1]], [], [[0, 1, 0, 0]]], [[], [[2, 2, 2, 2, 1]], [[0, 0, 0, 1]]], [[[0, 1, 0, 1, 2], [0, 0, 2, 2, 1]], [[2, 2, 2, 2, 1]], []], [[], [[0, 0, 2, 2, 1], [0, 0, 2, 2, 1]], [[1, 1, 0, 0]]], [[[0, 0, 1, 1, 2], [1, 0, 0, 0, 1]], [], [[0, 0, 0, 1]]], [[[1, 1, 2, 2, 1]], [[1, 2, 0, 0, 1]], [[0, 0, 0, 1]]], [[[2, 0, 0, 1, 1]], [[2, 1, 2, 2, 1], [2, 1, 1, 2, 1]], []], [[[2, 2, 0, 2, 1]], [], [[1, 1, 1, 0], [1, 1, 1, 2]]], [[], [[2, 0, 2, 2, 1]], [[1, 1, 2, 0], [0, 1, 1, 1]]]]
[[[[0, 1, 1, 0, 0]], [[0, 1, 1, 1, 0]], []], [[[0, 0, 1, 1, 0]], [], [[0, 0, 0, 1]]], [[], [[0, 1, 1, 0, 0]], [[0, 0, 1, 0]]], [[[0, 2, 1, 0, 0], [0, 0, 1, 0, 0]], [[0, 1, 1, 0, 0]], []], [[], [[0, 1, 1, 0, 0], [0, 1, 1, 0, 0]], [[0, 0, 1, 0]]], [[[0, 1, 2, 2, 0], [0, 1, 1, 0, 0]], [], [[0, 0, 1, 2]]], [[[0, 1, 1, 0, 0]], [[0, 1, 1, 1, 0]], [[0, 0, 1, 0]]], [[[0, 0, 1, 1, 2]], [[1, 0, 1, 0, 0], [1, 0, 2, 0, 0]], []], [[[0, 1, 1, 0, 0]], [], [[0, 0, 2, 1], [0, 2, 2, 1]]], [[], [[1, 0, 1, 0, 0]], [[0, 0, 1, 1], [0, 2, 2, 1]]]]
[[[[2, 111, 124, 155, 236]], [[353, 367, 384, 396, 413]], []], [[[7, 57, 82, 99, 157]], [], [[3, 198, 274, 321]]], [[], [[12, 87, 162, 285, 334]], [[8, 219, 294, 323]]], [[[26, 92, 98, 153, 276], [23, 58, 68, 125, 159]], [[18, 95, 297, 313, 338]], []], [[], [[39, 139, 154, 345, 362], [44, 231, 260, 343, 360]], [[13, 191, 303, 339]]], [[[29, 66, 90, 176, 186], [19, 90, 123, 208, 254]], [], [[13, 154, 256, 290]]], [[[24, 119, 140, 230, 256]], [[143, 170, 237, 285, 336]], [[161, 215, 247, 315]]], [[[52, 59, 74, 106, 177]], [[37, 61, 208, 317, 342], [29, 65, 236, 287, 344]], []], [[[56, 114, 189, 224, 258]], [], [[1, 42, 79, 110], [30, 215, 296, 327]]], [[], [[79, 178, 200, 315, 340]], [[32, 49, 248, 312], [166, 217, 225, 268]]]]

4000 2806.6 √
[6, 7, 9] [6, 3, 6]
[[[[0, 2, 1, 4, 3]], [[0, 2, 1, 3, 4]], []], [[[0, 2, 1, 3, 4]], [], [[0, 4, 2, 1]]], [[], [[0, 1, 2, 3, 4]], [[0, 2, 1, 4]]], [[[0, 2, 1, 4, 3], [0, 2, 1, 3, 4]], [[0, 1, 2, 3, 4]], []], [[], [[0, 1, 2, 3, 4], [0, 1, 2, 3, 4]], [[0, 4, 1, 2]]], [[[0, 1, 2, 4, 3], [0, 1, 3, 2, 4]], [], [[0, 2, 1, 4]]], [[[0, 1, 2, 3, 4]], [[0, 2, 1, 3, 4]], [[0, 2, 1, 4]]], [[[0, 2, 1, 3, 4]], [[1, 0, 2, 3, 4], [1, 0, 2, 3, 4]], []], [[[0, 2, 1, 3, 4]], [], [[0, 4, 2, 1], [0, 2, 4, 1]]], [[], [[1, 0, 2, 3, 4]], [[0, 4, 2, 1], [0, 2, 4, 1]]]]
[[[[2, 2, 1, 1, 2]], [[2, 2, 0, 0, 1]], []], [[[1, 0, 0, 1, 1]], [], [[1, 1, 0, 0]]], [[], [[2, 2, 2, 2, 1]], [[0, 0, 0, 1]]], [[[0, 1, 0, 1, 2], [0, 0, 2, 2, 1]], [[2, 2, 2, 2, 1]], []], [[], [[0, 0, 2, 2, 1], [0, 0, 2, 2, 1]], [[1, 1, 0, 0]]], [[[0, 0, 1, 1, 2], [1, 0, 0, 0, 1]], [], [[0, 0, 0, 1]]], [[[1, 1, 2, 2, 1]], [[1, 2, 0, 0, 1]], [[0, 0, 0, 1]]], [[[2, 0, 0, 1, 1]], [[2, 1, 2, 2, 1], [2, 1, 1, 2, 1]], []], [[[2, 2, 0, 2, 1]], [], [[1, 1, 1, 0], [1, 1, 1, 2]]], [[], [[2, 0, 2, 2, 1]], [[1, 1, 2, 0], [0, 1, 1, 1]]]]
[[[[0, 1, 1, 0, 0]], [[0, 1, 1, 1, 0]], []], [[[0, 0, 1, 1, 0]], [], [[0, 0, 0, 1]]], [[], [[0, 1, 1, 0, 0]], [[0, 0, 1, 0]]], [[[0, 2, 1, 0, 0], [0, 0, 1, 0, 0]], [[0, 1, 1, 0, 0]], []], [[], [[0, 1, 1, 0, 0], [0, 1, 1, 0, 0]], [[0, 0, 1, 0]]], [[[0, 1, 2, 2, 0], [0, 1, 1, 0, 0]], [], [[0, 0, 1, 2]]], [[[0, 1, 1, 0, 0]], [[0, 1, 1, 1, 0]], [[0, 0, 1, 0]]], [[[0, 0, 1, 1, 2]], [[1, 0, 1, 0, 0], [1, 0, 2, 0, 0]], []], [[[0, 1, 1, 0, 0]], [], [[0, 0, 2, 1], [0, 2, 2, 1]]], [[], [[1, 0, 1, 0, 0]], [[0, 0, 1, 1], [0, 2, 2, 1]]]]
[[[[2, 111, 126, 157, 238]], [[355, 369, 386, 398, 415]], []], [[[9, 52, 82, 101, 159]], [], [[1, 200, 276, 314]]], [[], [[12, 87, 164, 287, 336]], [[3, 221, 296, 325]]], [[[21, 94, 100, 155, 278], [18, 53, 68, 125, 161]], [[18, 95, 299, 315, 340]], []], [[], [[34, 141, 156, 347, 364], [39, 233, 262, 345, 362]], [[15, 193, 305, 341]]], [[[24, 66, 92, 178, 188], [21, 90, 125, 210, 256]], [], [[8, 156, 258, 292]]], [[[26, 121, 140, 232, 258]], [[145, 172, 239, 287, 338]], [[163, 217, 249, 317]]], [[[52, 59, 74, 108, 179]], [[37, 63, 210, 319, 344], [29, 67, 238, 289, 346]], []], [[[56, 114, 191, 226, 260]], [], [[3, 44, 81, 112], [32, 217, 298, 329]]], [[], [[79, 180, 202, 317, 342]], [[34, 51, 250, 323], [168, 219, 227, 270]]]]

3999 2807.8 √
[6, 7, 9] [6, 3, 6]
[[[[0, 2, 1, 4, 3]], [[0, 2, 1, 3, 4]], []], [[[0, 2, 1, 3, 4]], [], [[0, 4, 2, 1]]], [[], [[0, 1, 2, 3, 4]], [[0, 2, 1, 4]]], [[[0, 2, 1, 4, 3], [0, 2, 1, 3, 4]], [[0, 1, 2, 3, 4]], []], [[], [[0, 1, 2, 3, 4], [0, 1, 2, 3, 4]], [[0, 4, 1, 2]]], [[[0, 1, 2, 4, 3], [0, 1, 3, 2, 4]], [], [[0, 2, 1, 4]]], [[[0, 1, 2, 3, 4]], [[0, 2, 1, 3, 4]], [[0, 2, 1, 4]]], [[[0, 2, 1, 3, 4]], [[1, 0, 2, 3, 4], [1, 0, 2, 3, 4]], []], [[[0, 2, 1, 3, 4]], [], [[0, 4, 2, 1], [0, 2, 4, 1]]], [[], [[1, 0, 2, 3, 4]], [[0, 4, 2, 1], [0, 2, 4, 1]]]]
[[[[2, 2, 1, 1, 2]], [[2, 2, 0, 0, 1]], []], [[[1, 0, 0, 1, 1]], [], [[1, 1, 0, 0]]], [[], [[2, 2, 2, 2, 1]], [[0, 0, 0, 1]]], [[[0, 1, 0, 1, 2], [0, 0, 2, 2, 1]], [[2, 2, 2, 2, 1]], []], [[], [[0, 0, 2, 2, 1], [0, 0, 2, 2, 1]], [[1, 1, 0, 0]]], [[[0, 0, 1, 1, 2], [1, 0, 0, 0, 1]], [], [[0, 0, 0, 1]]], [[[1, 1, 2, 2, 1]], [[1, 2, 0, 0, 1]], [[0, 0, 0, 1]]], [[[2, 0, 0, 1, 1]], [[2, 1, 2, 2, 1], [2, 1, 1, 2, 1]], []], [[[2, 2, 0, 2, 1]], [], [[1, 1, 1, 0], [1, 1, 1, 2]]], [[], [[2, 0, 2, 2, 1]], [[1, 1, 2, 0], [0, 1, 1, 1]]]]
[[[[0, 1, 1, 0, 0]], [[0, 1, 1, 1, 0]], []], [[[0, 0, 1, 1, 0]], [], [[0, 0, 0, 1]]], [[], [[0, 1, 1, 0, 0]], [[0, 0, 1, 0]]], [[[0, 2, 1, 0, 0], [0, 0, 1, 0, 0]], [[0, 1, 1, 0, 0]], []], [[], [[0, 1, 1, 0, 0], [0, 1, 1, 0, 0]], [[0, 0, 1, 0]]], [[[0, 1, 2, 2, 0], [0, 1, 1, 0, 0]], [], [[0, 0, 1, 2]]], [[[0, 1, 1, 0, 0]], [[0, 1, 1, 1, 0]], [[0, 0, 1, 0]]], [[[0, 0, 1, 1, 2]], [[1, 0, 1, 0, 0], [1, 0, 2, 0, 0]], []], [[[0, 1, 1, 0, 0]], [], [[0, 0, 2, 1], [0, 2, 2, 1]]], [[], [[1, 0, 1, 0, 0]], [[0, 0, 1, 1], [0, 2, 2, 1]]]]
[[[[2, 111, 126, 157, 238]], [[353, 367, 384, 396, 413]], []], [[[9, 52, 82, 101, 159]], [], [[1, 200, 276, 323]]], [[], [[12, 87, 164, 289, 336]], [[3, 221, 296, 325]]], [[[21, 94, 100, 155, 278], [18, 53, 68, 125, 161]], [[18, 95, 299, 317, 340]], []], [[], [[34, 141, 156, 345, 362], [39, 233, 262, 315, 348]], [[15, 193, 305, 341]]], [[[24, 66, 92, 178, 188], [21, 90, 125, 210, 256]], [], [[8, 156, 258, 292]]], [[[26, 121, 140, 232, 258]], [[145, 172, 239, 287, 338]], [[163, 217, 249, 317]]], [[[52, 59, 74, 108, 179]], [[37, 63, 210, 321, 344], [29, 67, 238, 287, 346]], []], [[[56, 114, 191, 226, 260]], [], [[3, 44, 81, 112], [32, 217, 298, 329]]], [[], [[79, 180, 202, 319, 342]], [[34, 51, 250, 314], [168, 219, 227, 270]]]]

3956 2824.0 √
[6, 7, 9] [6, 3, 6]
[[[[0, 2, 1, 4, 3]], [[0, 2, 1, 3, 4]], []], [[[0, 2, 1, 3, 4]], [], [[0, 4, 2, 1]]], [[], [[0, 1, 2, 3, 4]], [[0, 2, 1, 4]]], [[[0, 2, 1, 4, 3], [0, 2, 1, 3, 4]], [[0, 1, 2, 3, 4]], []], [[], [[0, 1, 2, 3, 4], [0, 1, 2, 3, 4]], [[0, 4, 1, 2]]], [[[0, 1, 2, 4, 3], [0, 1, 3, 2, 4]], [], [[0, 2, 1, 4]]], [[[0, 1, 2, 3, 4]], [[0, 2, 1, 3, 4]], [[0, 2, 1, 4]]], [[[0, 2, 1, 3, 4]], [[1, 0, 2, 3, 4], [1, 0, 2, 3, 4]], []], [[[0, 2, 1, 3, 4]], [], [[0, 4, 2, 1], [0, 2, 4, 1]]], [[], [[1, 0, 2, 3, 4]], [[0, 4, 2, 1], [0, 2, 4, 1]]]]
[[[[2, 2, 1, 1, 2]], [[0, 0, 0, 0, 1]], []], [[[1, 0, 0, 1, 1]], [], [[1, 1, 0, 0]]], [[], [[2, 2, 2, 2, 1]], [[0, 0, 0, 1]]], [[[0, 1, 0, 1, 2], [0, 0, 2, 2, 1]], [[2, 2, 2, 2, 1]], []], [[], [[0, 0, 2, 2, 1], [0, 0, 2, 2, 1]], [[1, 1, 0, 0]]], [[[0, 2, 1, 1, 2], [1, 0, 0, 0, 1]], [], [[0, 0, 0, 1]]], [[[1, 1, 2, 2, 1]], [[1, 2, 0, 0, 1]], [[0, 0, 0, 1]]], [[[0, 0, 0, 1, 1]], [[2, 1, 2, 2, 1], [2, 1, 1, 2, 1]], []], [[[2, 2, 0, 2, 1]], [], [[1, 1, 1, 0], [1, 1, 1, 2]]], [[], [[2, 0, 2, 2, 1]], [[1, 1, 2, 0], [0, 1, 1, 1]]]]
[[[[0, 1, 1, 0, 0]], [[0, 0, 1, 1, 0]], []], [[[0, 0, 1, 1, 0]], [], [[0, 0, 0, 1]]], [[], [[0, 1, 1, 0, 0]], [[0, 0, 1, 0]]], [[[0, 2, 1, 0, 0], [0, 0, 1, 0, 0]], [[0, 1, 1, 0, 0]], []], [[], [[0, 1, 1, 0, 0], [0, 1, 1, 0, 0]], [[0, 0, 1, 0]]], [[[0, 1, 2, 2, 0], [0, 1, 1, 0, 0]], [], [[0, 0, 1, 2]]], [[[0, 1, 1, 0, 0]], [[0, 1, 1, 1, 0]], [[0, 0, 1, 0]]], [[[0, 0, 1, 1, 2]], [[1, 0, 1, 0, 0], [1, 0, 2, 0, 0]], []], [[[0, 1, 1, 0, 0]], [], [[0, 0, 2, 1], [0, 2, 2, 1]]], [[], [[1, 0, 1, 0, 0]], [[0, 0, 1, 1], [0, 2, 2, 1]]]]
[[[[2, 114, 126, 157, 235]], [[346, 359, 376, 388, 405]], []], [[[9, 60, 77, 101, 159]], [], [[1, 200, 270, 317]]], [[], [[12, 90, 161, 284, 337]], [[3, 215, 290, 324]]], [[[21, 94, 100, 155, 275], [18, 61, 71, 125, 161]], [[18, 98, 296, 312, 339]], []], [[], [[34, 128, 153, 347, 364], [39, 227, 259, 345, 362]], [[15, 193, 299, 335]]], [[[24, 64, 92, 178, 185], [21, 85, 112, 200, 256]], [], [[8, 207, 243, 292]]], [[[26, 121, 143, 229, 258]], [[145, 169, 233, 281, 335]], [[153, 211, 252, 317]]], [[[49, 62, 69, 108, 179]], [[37, 63, 207, 316, 343], [29, 67, 238, 286, 345]], []], [[[52, 140, 181, 223, 260]], [], [[3, 44, 81, 138], [32, 217, 298, 329]]], [[], [[82, 170, 199, 314, 341]], [[34, 51, 247, 308], [158, 219, 227, 270]]]]

4012 2752.6000000000004 √
[6, 7, 9] [6, 3, 6]
[[[[0, 2, 1, 4, 3]], [[0, 2, 1, 3, 4]], []], [[[0, 2, 1, 3, 4]], [], [[0, 4, 2, 1]]], [[], [[0, 1, 2, 3, 4]], [[0, 2, 1, 4]]], [[[0, 2, 1, 4, 3], [0, 2, 1, 3, 4]], [[0, 1, 2, 3, 4]], []], [[], [[0, 1, 2, 3, 4], [0, 1, 2, 3, 4]], [[0, 4, 1, 2]]], [[[0, 1, 2, 4, 3], [0, 1, 3, 2, 4]], [], [[0, 2, 1, 4]]], [[[0, 1, 2, 3, 4]], [[0, 2, 1, 3, 4]], [[0, 2, 1, 4]]], [[[0, 2, 1, 3, 4]], [[1, 0, 2, 3, 4], [1, 0, 2, 3, 4]], []], [[[0, 2, 1, 3, 4]], [], [[0, 4, 2, 1], [0, 2, 4, 1]]], [[], [[1, 0, 2, 3, 4]], [[0, 4, 1, 2], [0, 2, 4, 1]]]]
[[[[2, 2, 1, 1, 2]], [[2, 2, 0, 0, 1]], []], [[[1, 0, 0, 1, 1]], [], [[1, 1, 0, 0]]], [[], [[2, 2, 2, 2, 1]], [[0, 0, 0, 1]]], [[[0, 1, 0, 1, 2], [0, 0, 2, 2, 1]], [[2, 2, 2, 2, 1]], []], [[], [[0, 0, 2, 2, 1], [0, 0, 2, 2, 1]], [[1, 1, 0, 0]]], [[[0, 0, 1, 1, 2], [1, 0, 0, 0, 1]], [], [[0, 0, 0, 1]]], [[[1, 1, 2, 2, 1]], [[1, 2, 0, 0, 1]], [[0, 0, 0, 1]]], [[[2, 0, 0, 1, 1]], [[2, 1, 2, 2, 1], [2, 1, 1, 2, 1]], []], [[[2, 2, 0, 2, 1]], [], [[1, 1, 1, 0], [1, 1, 1, 2]]], [[], [[2, 0, 2, 2, 1]], [[1, 1, 2, 2], [0, 1, 1, 1]]]]
[[[[0, 1, 1, 0, 0]], [[0, 1, 1, 1, 0]], []], [[[0, 0, 1, 1, 0]], [], [[0, 0, 0, 1]]], [[], [[0, 1, 1, 0, 0]], [[0, 0, 1, 0]]], [[[0, 2, 1, 0, 0], [0, 0, 1, 0, 0]], [[0, 1, 1, 0, 0]], []], [[], [[0, 1, 1, 0, 0], [0, 1, 1, 0, 0]], [[0, 0, 1, 0]]], [[[0, 1, 2, 2, 0], [0, 1, 1, 0, 0]], [], [[0, 0, 1, 2]]], [[[0, 1, 1, 0, 0]], [[0, 1, 1, 1, 0]], [[0, 0, 1, 0]]], [[[0, 0, 1, 1, 2]], [[1, 0, 1, 0, 0], [1, 0, 2, 0, 0]], []], [[[0, 1, 1, 0, 0]], [], [[0, 0, 2, 1], [0, 2, 2, 1]]], [[], [[1, 0, 1, 0, 0]], [[0, 0, 1, 1], [0, 2, 2, 1]]]]
[[[[2, 111, 126, 157, 234]], [[356, 370, 387, 399, 416]], []], [[[9, 52, 82, 101, 159]], [], [[1, 200, 276, 314]]], [[], [[12, 87, 150, 283, 336]], [[3, 221, 296, 325]]], [[[21, 94, 100, 155, 274], [18, 53, 68, 125, 161]], [[18, 95, 295, 321, 340]], []], [[], [[34, 141, 158, 348, 365], [39, 233, 258, 346, 363]], [[15, 193, 305, 332]]], [[[24, 66, 92, 178, 184], [21, 90, 125, 210, 256]], [], [[8, 156, 258, 292]]], [[[26, 121, 140, 228, 258]], [[145, 166, 239, 287, 338]], [[163, 217, 249, 317]]], [[[52, 59, 74, 108, 179]], [[37, 63, 206, 325, 344], [29, 67, 238, 285, 346]], []], [[[56, 114, 191, 222, 260]], [], [[3, 44, 81, 112], [32, 217, 298, 330]]], [[], [[79, 180, 198, 323, 342]], [[34, 51, 243, 308], [168, 219, 227, 270]]]]

3949 2835.0 √
[6, 7, 9] [6, 3, 6]
[[[[0, 2, 1, 4, 3]], [[0, 2, 1, 3, 4]], []], [[[0, 2, 1, 3, 4]], [], [[0, 4, 2, 1]]], [[], [[0, 1, 2, 3, 4]], [[0, 2, 1, 4]]], [[[0, 2, 1, 4, 3], [0, 2, 1, 3, 4]], [[0, 1, 2, 3, 4]], []], [[], [[0, 1, 2, 3, 4], [0, 1, 2, 3, 4]], [[0, 4, 1, 2]]], [[[0, 1, 2, 4, 3], [0, 1, 3, 2, 4]], [], [[0, 2, 1, 4]]], [[[0, 2, 1, 3, 4]], [[0, 2, 1, 3, 4]], [[0, 2, 1, 4]]], [[[0, 2, 1, 3, 4]], [[1, 0, 2, 3, 4], [1, 0, 2, 3, 4]], []], [[[0, 2, 1, 3, 4]], [], [[0, 4, 2, 1], [0, 2, 4, 1]]], [[], [[1, 0, 2, 3, 4]], [[0, 4, 2, 1], [0, 2, 4, 1]]]]
[[[[2, 2, 1, 1, 2]], [[2, 2, 0, 0, 1]], []], [[[1, 0, 0, 1, 1]], [], [[1, 1, 0, 0]]], [[], [[2, 2, 2, 2, 1]], [[0, 0, 0, 1]]], [[[0, 1, 0, 1, 2], [0, 0, 2, 2, 1]], [[2, 2, 2, 2, 1]], []], [[], [[0, 0, 2, 2, 1], [0, 0, 2, 2, 1]], [[1, 1, 0, 0]]], [[[0, 0, 1, 1, 2], [1, 0, 0, 0, 1]], [], [[0, 0, 0, 1]]], [[[1, 2, 2, 2, 1]], [[1, 2, 0, 0, 1]], [[0, 0, 0, 1]]], [[[2, 0, 0, 1, 1]], [[2, 1, 2, 2, 1], [2, 1, 1, 2, 1]], []], [[[2, 2, 0, 2, 1]], [], [[1, 1, 1, 0], [1, 1, 1, 2]]], [[], [[2, 0, 2, 2, 1]], [[1, 1, 2, 0], [0, 1, 1, 1]]]]
[[[[0, 1, 1, 0, 0]], [[0, 1, 1, 1, 0]], []], [[[0, 0, 1, 1, 0]], [], [[0, 0, 0, 1]]], [[], [[0, 1, 1, 0, 0]], [[0, 0, 1, 0]]], [[[0, 2, 1, 0, 0], [0, 0, 1, 0, 0]], [[0, 1, 1, 0, 0]], []], [[], [[0, 1, 1, 0, 0], [0, 1, 1, 0, 0]], [[0, 0, 1, 0]]], [[[0, 1, 2, 2, 0], [0, 1, 1, 0, 0]], [], [[0, 0, 1, 2]]], [[[0, 1, 1, 0, 0]], [[0, 1, 1, 1, 0]], [[0, 0, 1, 0]]], [[[0, 0, 1, 1, 2]], [[1, 0, 1, 0, 0], [1, 0, 2, 0, 0]], []], [[[0, 1, 1, 0, 0]], [], [[0, 0, 2, 1], [0, 2, 2, 1]]], [[], [[1, 0, 1, 0, 0]], [[0, 0, 1, 1], [0, 2, 2, 1]]]]
[[[[2, 111, 121, 152, 238]], [[350, 364, 381, 393, 410]], []], [[[9, 52, 82, 101, 154]], [], [[1, 195, 276, 323]]], [[], [[12, 87, 164, 287, 336]], [[3, 221, 296, 325]]], [[[21, 94, 100, 150, 278], [18, 53, 68, 128, 156]], [[18, 95, 299, 315, 340]], []], [[], [[34, 141, 156, 342, 359], [39, 233, 262, 340, 357]], [[15, 188, 305, 341]]], [[[24, 66, 92, 173, 188], [21, 90, 125, 210, 251]], [], [[8, 156, 258, 287]]], [[[26, 114, 142, 232, 253]], [[140, 172, 239, 287, 338]], [[163, 217, 249, 312]]], [[[52, 59, 74, 108, 174]], [[37, 63, 210, 319, 344], [29, 67, 233, 289, 346]], []], [[[56, 117, 191, 226, 255]], [], [[3, 44, 81, 112], [32, 212, 293, 324]]], [[], [[79, 180, 202, 317, 342]], [[34, 51, 250, 314], [168, 214, 222, 265]]]]

576.46875