6125 3351.1 √
[4, 5, 7] [8, 5, 8]
[[[[0, 1, 2, 3, 4]], [[1, 0, 2, 3, 4]], []], [[[0, 1, 2, 4, 3]], [], [[0, 4, 2, 1]]], [[], [[0, 1, 2, 3, 4]], [[0, 4, 2, 1]]], [[[0, 2, 1, 4, 3], [0, 2, 1, 4, 3]], [[0, 1, 2, 3, 4]], []], [[], [[0, 2, 1, 3, 4], [0, 2, 1, 3, 4]], [[0, 4, 2, 1]]], [[[0, 2, 1, 4, 3], [0, 2, 1, 3, 4]], [], [[0, 4, 2, 1]]], [[[0, 1, 3, 2, 4]], [[0, 2, 1, 3, 4]], [[0, 2, 4, 1]]], [[[0, 1, 2, 4, 3]], [[1, 0, 2, 3, 4], [0, 1, 2, 3, 4]], []], [[[0, 2, 1, 3, 4]], [], [[0, 2, 4, 1], [0, 1, 2, 4]]], [[], [[0, 1, 2, 3, 4]], [[0, 2, 4, 1], [0, 1, 2, 4]]]]
[[[[2, 1, 2, 2, 1]], [[2, 2, 0, 0, 1]], []], [[[1, 1, 0, 1, 0]], [], [[0, 1, 1, 2]]], [[], [[2, 2, 2, 1, 1]], [[2, 1, 2, 0]]], [[[0, 0, 1, 1, 1], [2, 2, 1, 1, 1]], [[0, 0, 0, 0, 1]], []], [[], [[1, 0, 0, 0, 1], [2, 2, 2, 2, 1]], [[1, 1, 1, 0]]], [[[0, 0, 0, 1, 2], [0, 0, 1, 2, 1]], [], [[0, 1, 1, 2]]], [[[0, 2, 0, 0, 1]], [[0, 0, 0, 2, 1]], [[2, 2, 1, 0]]], [[[0, 1, 0, 1, 2]], [[1, 2, 2, 0, 1], [0, 0, 0, 2, 1]], []], [[[2, 2, 2, 2, 1]], [], [[0, 0, 1, 0], [2, 0, 0, 1]]], [[], [[0, 0, 0, 0, 1]], [[1, 1, 1, 2], [1, 1, 0, 1]]]]
[[[[0, 1, 1, 0, 0]], [[1, 0, 0, 1, 0]], []], [[[0, 1, 0, 2, 1]], [], [[0, 0, 2, 1]]], [[], [[0, 1, 1, 1, 0]], [[0, 0, 1, 1]]], [[[0, 0, 1, 2, 1], [0, 1, 1, 2, 1]], [[0, 1, 0, 1, 2]], []], [[], [[0, 0, 1, 1, 2], [0, 1, 1, 0, 0]], [[0, 2, 2, 1]]], [[[0, 0, 1, 0, 0], [0, 0, 1, 0, 2]], [], [[0, 2, 2, 1]]], [[[0, 1, 1, 0, 2]], [[0, 0, 1, 0, 0]], [[0, 1, 0, 1]]], [[[0, 1, 0, 0, 0]], [[1, 0, 1, 1, 2], [0, 1, 0, 0, 0]], []], [[[0, 1, 1, 0, 0]], [], [[0, 0, 2, 1], [0, 1, 0, 2]]], [[], [[0, 1, 0, 1, 0]], [[0, 2, 2, 1], [0, 1, 0, 2]]]]
[[[[6, 128, 159, 170, 181]], [[40, 208, 237, 304, 418]], []], [[[4, 90, 143, 246, 265]], [], [[3, 67, 313, 377]]], [[], [[22, 82, 256, 286, 381]], [[32, 60, 281, 313]]], [[[46, 107, 133, 247, 253], [2, 98, 138, 158, 212]], [[25, 165, 228, 299, 328]], []], [[], [[47, 117, 281, 328, 353], [16, 143, 268, 345, 383]], [[38, 196, 311, 379]]], [[[40, 108, 150, 177, 294], [43, 106, 123, 176, 324]], [], [[52, 108, 162, 189]]], [[[62, 71, 86, 201, 323]], [[15, 210, 287, 324, 420]], [[29, 332, 370, 408]]], [[[65, 85, 142, 175, 242]], [[19, 115, 308, 394, 434], [30, 76, 219, 237, 422]], []], [[[59, 101, 129, 217, 275]], [], [[129, 252, 344, 370], [54, 181, 359, 398]]], [[], [[20, 171, 344, 399, 416]], [[36, 205, 338, 369], [40, 222, 256, 302]]]]

6444 3194.0 √
[4, 4, 7] [8, 5, 8]
[[[[0, 1, 2, 3, 4]], [[1, 0, 2, 3, 4]], []], [[[0, 1, 2, 4, 3]], [], [[0, 4, 2, 1]]], [[], [[0, 1, 2, 3, 4]], [[0, 1, 2, 4]]], [[[0, 2, 1, 4, 3], [0, 1, 2, 4, 3]], [[0, 1, 2, 3, 4]], []], [[], [[0, 2, 1, 3, 4], [0, 2, 1, 3, 4]], [[0, 4, 2, 1]]], [[[0, 2, 1, 4, 3], [0, 2, 1, 3, 4]], [], [[0, 4, 2, 1]]], [[[0, 1, 3, 2, 4]], [[0, 2, 1, 3, 4]], [[0, 2, 4, 1]]], [[[0, 1, 2, 4, 3]], [[1, 0, 2, 3, 4], [0, 1, 2, 3, 4]], []], [[[0, 2, 1, 3, 4]], [], [[0, 2, 4, 1], [0, 1, 2, 4]]], [[], [[0, 2, 1, 3, 4]], [[0, 2, 4, 1], [0, 1, 4, 2]]]]
[[[[1, 1, 2, 2, 1]], [[2, 2, 0, 0, 1]], []], [[[1, 1, 0, 1, 0]], [], [[1, 1, 1, 2]]], [[], [[2, 2, 2, 1, 1]], [[2, 2, 2, 1]]], [[[0, 0, 1, 1, 1], [0, 1, 1, 1, 1]], [[0, 0, 0, 0, 1]], []], [[], [[1, 0, 0, 0, 1], [2, 2, 2, 2, 1]], [[1, 1, 1, 0]]], [[[0, 0, 0, 1, 2], [0, 0, 0, 2, 1]], [], [[1, 1, 1, 2]]], [[[0, 2, 0, 0, 1]], [[0, 0, 0, 2, 1]], [[2, 2, 1, 0]]], [[[0, 1, 0, 1, 2]], [[1, 2, 2, 0, 1], [0, 0, 0, 2, 1]], []], [[[2, 2, 2, 2, 1]], [], [[0, 0, 1, 0], [2, 0, 0, 1]]], [[], [[0, 2, 0, 0, 1]], [[1, 1, 1, 2], [1, 1, 1, 1]]]]
[[[[0, 1, 1, 0, 0]], [[1, 0, 0, 1, 0]], []], [[[0, 1, 0, 2, 1]], [], [[0, 0, 2, 1]]], [[], [[0, 1, 1, 1, 0]], [[0, 1, 1, 2]]], [[[0, 0, 1, 2, 1], [0, 1, 2, 2, 1]], [[0, 1, 0, 1, 2]], []], [[], [[0, 0, 1, 1, 2], [0, 1, 1, 0, 0]], [[0, 2, 2, 1]]], [[[0, 0, 1, 0, 0], [0, 0, 1, 0, 2]], [], [[0, 2, 2, 1]]], [[[0, 1, 1, 0, 2]], [[0, 0, 1, 0, 0]], [[0, 1, 2, 1]]], [[[0, 1, 0, 0, 0]], [[1, 0, 1, 1, 2], [0, 1, 0, 0, 0]], []], [[[0, 1, 1, 0, 0]], [], [[0, 0, 2, 1], [0, 1, 0, 2]]], [[], [[0, 1, 1, 1, 0]], [[0, 2, 2, 1], [0, 1, 2, 2]]]]
[[[[7, 130, 156, 167, 187]], [[30, 236, 255, 318, 430]], []], [[[12, 92, 167, 252, 279]], [], [[1, 69, 307, 345]]], [[], [[12, 82, 270, 357, 383]], [[22, 56, 283, 337]]], [[[61, 114, 135, 253, 274], [5, 97, 156, 166, 218]], [[40, 189, 246, 313, 346]], []], [[], [[57, 124, 295, 323, 370], [6, 140, 292, 340, 385]], [[46, 202, 305, 345]]], [[[55, 115, 174, 185, 308], [58, 75, 139, 173, 318]], [], [[50, 115, 170, 202]]], [[[64, 71, 94, 219, 317]], [[15, 228, 301, 338, 432]], [[19, 358, 400, 421]]], [[[25, 87, 166, 183, 251]], [[27, 112, 322, 387, 415], [45, 84, 237, 260, 434]], []], [[[49, 98, 126, 245, 265]], [], [[153, 270, 331, 372], [44, 199, 363, 406]]], [[], [[35, 217, 335, 392, 428]], [[44, 211, 325, 365], [48, 228, 294, 303]]]]

6621 2975.0 √
[4, 4, 7] [8, 5, 8]
[[[[0, 1, 2, 3, 4]], [[1, 0, 2, 3, 4]], []], [[[0, 1, 2, 4, 3]], [], [[0, 4, 2, 1]]], [[], [[0, 1, 2, 3, 4]], [[0, 1, 2, 4]]], [[[0, 2, 1, 4, 3], [0, 1, 2, 4, 3]], [[0, 1, 2, 3, 4]], []], [[], [[0, 2, 1, 3, 4], [0, 2, 1, 3, 4]], [[0, 4, 2, 1]]], [[[0, 2, 1, 4, 3], [0, 2, 1, 3, 4]], [], [[0, 4, 2, 1]]], [[[0, 1, 3, 2, 4]], [[0, 2, 1, 3, 4]], [[0, 2, 4, 1]]], [[[0, 1, 2, 4, 3]], [[1, 0, 2, 3, 4], [0, 1, 2, 3, 4]], []], [[[0, 2, 1, 3, 4]], [], [[0, 2, 4, 1], [0, 1, 2, 4]]], [[], [[0, 2, 1, 3, 4]], [[0, 2, 4, 1], [0, 1, 4, 2]]]]
[[[[1, 1, 2, 2, 1]], [[2, 2, 0, 0, 1]], []], [[[1, 1, 0, 1, 0]], [], [[1, 1, 1, 2]]], [[], [[2, 2, 2, 1, 1]], [[2, 2, 2, 1]]], [[[0, 0, 1, 1, 1], [0, 1, 1, 1, 1]], [[0, 0, 0, 0, 1]], []], [[], [[1, 0, 0, 0, 1], [2, 2, 2, 2, 1]], [[1, 1, 1, 0]]], [[[0, 0, 0, 1, 2], [0, 0, 0, 2, 1]], [], [[1, 1, 1, 2]]], [[[0, 2, 0, 0, 1]], [[0, 0, 0, 2, 1]], [[2, 2, 1, 0]]], [[[0, 1, 0, 1, 2]], [[1, 2, 2, 0, 1], [0, 0, 0, 2, 1]], []], [[[2, 2, 2, 2, 1]], [], [[0, 0, 1, 0], [2, 0, 0, 1]]], [[], [[0, 0, 0, 0, 1]], [[1, 1, 1, 2], [1, 1, 1, 1]]]]
[[[[0, 1, 1, 0, 0]], [[1, 0, 0, 1, 0]], []], [[[0, 1, 0, 2, 1]], [], [[0, 0, 2, 1]]], [[], [[0, 1, 1, 1, 0]], [[0, 1, 1, 2]]], [[[0, 0, 1, 2, 1], [0, 1, 2, 2, 1]], [[0, 1, 0, 1, 2]], []], [[], [[0, 0, 1, 1, 2], [0, 1, 1, 0, 0]], [[0, 2, 2, 1]]], [[[0, 0, 1, 0, 0], [0, 0, 1, 0, 2]], [], [[0, 2, 2, 1]]], [[[0, 1, 1, 0, 2]], [[0, 0, 1, 0, 0]], [[0, 1, 2, 1]]], [[[0, 1, 0, 0, 0]], [[1, 0, 1, 1, 2], [0, 1, 0, 0, 0]], []], [[[0, 1, 1, 0, 0]], [], [[0, 0, 2, 1], [0, 1, 0, 2]]], [[], [[0, 0, 1, 1, 0]], [[0, 2, 2, 1], [0, 1, 2, 2]]]]
[[[[7, 130, 156, 167, 187]], [[30, 221, 272, 335, 435]], []], [[[12, 92, 167, 252, 296]], [], [[1, 69, 307, 357]]], [[], [[12, 82, 282, 357, 383]], [[22, 56, 295, 337]]], [[[61, 114, 135, 253, 274], [5, 97, 156, 166, 218]], [[40, 189, 263, 330, 346]], []], [[], [[57, 124, 312, 340, 370], [6, 140, 304, 352, 385]], [[46, 202, 305, 362]]], [[[55, 115, 174, 185, 320], [58, 75, 139, 173, 318]], [], [[50, 115, 170, 202]]], [[[64, 71, 94, 236, 317]], [[15, 245, 318, 350, 437]], [[19, 370, 405, 426]]], [[[25, 87, 166, 183, 236]], [[27, 112, 334, 404, 420], [45, 84, 254, 272, 439]], []], [[[49, 98, 126, 230, 265]], [], [[153, 287, 331, 389], [44, 199, 380, 411]]], [[], [[35, 219, 352, 409, 433]], [[44, 211, 325, 377], [48, 228, 294, 303]]]]

5797 3799.0 √
[8, 8, 5] [8, 5, 8]
[[[[0, 1, 3, 2, 4]], [[0, 1, 2, 3, 4]], []], [[[0, 1, 2, 3, 4]], [], [[0, 2, 1, 4]]], [[], [[0, 2, 1, 3, 4]], [[0, 2, 1, 4]]], [[[0, 1, 2, 4, 3], [0, 1, 2, 3, 4]], [[0, 1, 2, 3, 4]], []], [[], [[0, 1, 2, 3, 4], [0, 2, 1, 3, 4]], [[0, 1, 2, 4]]], [[[0, 1, 2, 4, 3], [0, 1, 2, 3, 4]], [], [[0, 1, 4, 2]]], [[[0, 1, 3, 2, 4]], [[0, 1, 2, 3, 4]], [[0, 4, 1, 2]]], [[[0, 1, 2, 4, 3]], [[0, 1, 2, 3, 4], [1, 0, 2, 3, 4]], []], [[[0, 1, 3, 2, 4]], [], [[0, 4, 2, 1], [0, 4, 2, 1]]], [[], [[0, 1, 2, 3, 4]], [[0, 1, 4, 2], [0, 2, 1, 4]]]]
[[[[2, 0, 0, 0, 1]], [[2, 2, 2, 2, 1]], []], [[[0, 0, 0, 1, 1]], [], [[0, 0, 0, 1]]], [[], [[2, 2, 0, 2, 1]], [[0, 2, 2, 1]]], [[[0, 1, 2, 1, 2], [1, 0, 0, 0, 1]], [[2, 2, 2, 2, 1]], []], [[], [[2, 0, 0, 0, 1], [0, 0, 2, 2, 1]], [[0, 0, 1, 1]]], [[[0, 0, 2, 1, 0], [2, 2, 2, 2, 1]], [], [[1, 1, 1, 1]]], [[[1, 1, 1, 0, 1]], [[0, 2, 2, 0, 1]], [[2, 1, 0, 1]]], [[[1, 2, 0, 1, 2]], [[2, 2, 2, 0, 1], [2, 1, 0, 0, 1]], []], [[[2, 1, 0, 1, 1]], [], [[0, 1, 0, 2], [1, 1, 2, 2]]], [[], [[1, 1, 1, 2, 1]], [[1, 1, 1, 1], [2, 1, 0, 1]]]]
[[[[0, 1, 1, 0, 2]], [[0, 1, 1, 0, 0]], []], [[[0, 1, 0, 1, 0]], [], [[0, 0, 1, 2]]], [[], [[0, 1, 1, 0, 0]], [[0, 1, 1, 2]]], [[[0, 1, 1, 0, 0], [0, 1, 0, 1, 0]], [[0, 1, 1, 0, 2]], []], [[], [[0, 1, 0, 1, 0], [0, 0, 1, 0, 2]], [[0, 1, 2, 2]]], [[[0, 1, 1, 0, 1], [0, 1, 1, 0, 0]], [], [[0, 1, 2, 2]]], [[[0, 1, 1, 0, 2]], [[0, 1, 1, 1, 0]], [[0, 2, 1, 2]]], [[[0, 1, 0, 0, 0]], [[0, 1, 1, 1, 2], [1, 0, 0, 1, 0]], []], [[[0, 1, 1, 2, 0]], [], [[0, 0, 0, 1], [0, 0, 1, 1]]], [[], [[0, 1, 2, 0, 2]], [[0, 1, 2, 2], [0, 2, 1, 2]]]]
[[[[86, 119, 189, 267, 284]], [[6, 113, 311, 361, 407]], []], [[[5, 95, 138, 142, 254]], [], [[14, 229, 238, 304]]], [[], [[12, 158, 306, 327, 403]], [[19, 382, 389, 430]]], [[[29, 69, 174, 194, 202], [4, 103, 139, 145, 256]], [[18, 250, 337, 363, 390]], []], [[], [[24, 214, 276, 318, 337], [39, 72, 277, 293, 324]], [[47, 247, 274, 298]]], [[[8, 111, 177, 260, 290], [32, 102, 129, 144, 192]], [], [[10, 168, 354, 363]]], [[[16, 64, 149, 166, 226]], [[59, 228, 303, 367, 405]], [[37, 377, 398, 422]]], [[[21, 72, 165, 258, 266]], [[46, 184, 345, 362, 386], [57, 103, 175, 323, 339]], []], [[[90, 133, 198, 241, 262]], [], [[84, 204, 350, 369], [27, 115, 219, 238]]], [[], [[34, 51, 86, 211, 288]], [[39, 159, 310, 319], [138, 230, 332, 371]]]]

5860 3793.3999999999996 √
[8, 8, 5] [8, 5, 8]
[[[[0, 1, 3, 2, 4]], [[0, 1, 2, 3, 4]], []], [[[0, 1, 2, 3, 4]], [], [[0, 2, 1, 4]]], [[], [[0, 2, 1, 3, 4]], [[0, 2, 1, 4]]], [[[0, 1, 2, 4, 3], [0, 1, 2, 3, 4]], [[0, 1, 2, 3, 4]], []], [[], [[0, 1, 2, 3, 4], [0, 2, 1, 3, 4]], [[0, 1, 2, 4]]], [[[0, 1, 2, 4, 3], [0, 1, 2, 3, 4]], [], [[0, 1, 4, 2]]], [[[0, 1, 3, 2, 4]], [[0, 1, 2, 3, 4]], [[0, 4, 1, 2]]], [[[0, 1, 2, 4, 3]], [[0, 1, 2, 3, 4], [1, 0, 2, 3, 4]], []], [[[0, 1, 3, 2, 4]], [], [[0, 4, 2, 1], [0, 4, 2, 1]]], [[], [[0, 1, 2, 3, 4]], [[0, 1, 4, 2], [0, 2, 1, 4]]]]
[[[[2, 0, 0, 0, 1]], [[2, 2, 2, 2, 1]], []], [[[0, 0, 0, 1, 1]], [], [[0, 0, 0, 1]]], [[], [[2, 2, 0, 2, 1]], [[0, 2, 2, 1]]], [[[0, 1, 2, 1, 2], [1, 0, 0, 0, 1]], [[2, 2, 2, 2, 1]], []], [[], [[2, 0, 0, 0, 1], [0, 0, 2, 2, 1]], [[0, 0, 1, 1]]], [[[0, 0, 2, 1, 0], [2, 2, 2, 2, 1]], [], [[1, 1, 1, 1]]], [[[1, 1, 1, 0, 1]], [[0, 2, 2, 0, 1]], [[2, 1, 0, 1]]], [[[1, 2, 0, 1, 2]], [[2, 2, 2, 0, 1], [2, 1, 0, 0, 1]], []], [[[2, 1, 0, 1, 1]], [], [[0, 1, 0, 2], [1, 1, 2, 2]]], [[], [[1, 1, 1, 2, 1]], [[1, 1, 1, 1], [2, 1, 0, 1]]]]
[[[[0, 1, 1, 0, 2]], [[0, 1, 1, 0, 0]], []], [[[0, 1, 0, 1, 0]], [], [[0, 0, 1, 2]]], [[], [[0, 1, 1, 0, 0]], [[0, 1, 1, 2]]], [[[0, 1, 1, 0, 0], [0, 1, 0, 1, 0]], [[0, 1, 1, 0, 2]], []], [[], [[0, 1, 0, 1, 0], [0, 0, 1, 0, 2]], [[0, 1, 2, 2]]], [[[0, 1, 1, 0, 1], [0, 1, 1, 0, 0]], [], [[0, 1, 2, 2]]], [[[0, 1, 1, 0, 2]], [[0, 1, 1, 1, 0]], [[0, 2, 1, 2]]], [[[0, 1, 0, 0, 0]], [[0, 1, 1, 1, 2], [1, 0, 0, 1, 0]], []], [[[0, 1, 1, 2, 0]], [], [[0, 0, 0, 1], [0, 0, 1, 1]]], [[], [[0, 1, 2, 0, 2]], [[0, 1, 2, 2], [0, 2, 1, 2]]]]
[[[[86, 119, 189, 267, 284]], [[6, 113, 311, 361, 407]], []], [[[5, 95, 138, 142, 254]], [], [[14, 229, 238, 304]]], [[], [[12, 158, 306, 327, 403]], [[19, 371, 386, 430]]], [[[29, 69, 174, 194, 202], [4, 103, 139, 145, 256]], [[18, 250, 337, 363, 390]], []], [[], [[24, 214, 276, 318, 337], [39, 72, 277, 293, 324]], [[47, 247, 274, 298]]], [[[8, 111, 177, 260, 290], [32, 102, 129, 144, 192]], [], [[10, 168, 354, 363]]], [[[16, 64, 149, 166, 226]], [[59, 228, 303, 367, 405]], [[37, 377, 398, 422]]], [[[21, 72, 165, 258, 266]], [[46, 184, 345, 362, 386], [57, 103, 175, 323, 339]], []], [[[90, 133, 198, 241, 262]], [], [[84, 204, 350, 378], [27, 115, 219, 238]]], [[], [[34, 51, 86, 211, 288]], [[39, 159, 310, 319], [138, 230, 332, 371]]]]

6448 2987.9 √
[4, 4, 7] [8, 5, 8]
[[[[0, 1, 2, 3, 4]], [[1, 0, 2, 3, 4]], []], [[[0, 1, 2, 4, 3]], [], [[0, 4, 2, 1]]], [[], [[0, 1, 2, 3, 4]], [[0, 1, 2, 4]]], [[[0, 2, 1, 4, 3], [0, 1, 2, 4, 3]], [[0, 1, 2, 3, 4]], []], [[], [[0, 2, 1, 3, 4], [0, 2, 1, 3, 4]], [[0, 4, 2, 1]]], [[[0, 2, 1, 4, 3], [0, 2, 1, 3, 4]], [], [[0, 4, 2, 1]]], [[[0, 1, 3, 2, 4]], [[0, 2, 1, 3, 4]], [[0, 2, 4, 1]]], [[[0, 1, 2, 4, 3]], [[1, 0, 2, 3, 4], [0, 1, 2, 3, 4]], []], [[[0, 2, 1, 3, 4]], [], [[0, 2, 4, 1], [0, 1, 2, 4]]], [[], [[0, 2, 1, 3, 4]], [[0, 2, 4, 1], [0, 1, 4, 2]]]]
[[[[1, 1, 2, 2, 1]], [[2, 2, 0, 0, 1]], []], [[[1, 1, 0, 1, 0]], [], [[1, 1, 1, 2]]], [[], [[2, 2, 2, 1, 1]], [[2, 2, 2, 1]]], [[[0, 0, 1, 1, 1], [0, 1, 1, 1, 1]], [[0, 0, 0, 0, 1]], []], [[], [[1, 0, 0, 0, 1], [2, 2, 2, 2, 1]], [[1, 1, 1, 0]]], [[[0, 0, 0, 1, 2], [0, 0, 0, 2, 1]], [], [[1, 1, 1, 2]]], [[[0, 2, 0, 0, 1]], [[0, 0, 0, 2, 1]], [[2, 2, 1, 0]]], [[[0, 1, 0, 1, 2]], [[1, 2, 2, 0, 1], [0, 0, 0, 2, 1]], []], [[[2, 2, 2, 2, 1]], [], [[0, 0, 1, 0], [2, 0, 0, 1]]], [[], [[0, 0, 0, 0, 1]], [[1, 1, 1, 2], [1, 1, 1, 1]]]]
[[[[0, 1, 1, 0, 0]], [[1, 0, 0, 1, 0]], []], [[[0, 1, 0, 2, 1]], [], [[0, 0, 2, 1]]], [[], [[0, 1, 1, 1, 0]], [[0, 1, 1, 2]]], [[[0, 0, 1, 2, 1], [0, 1, 2, 2, 1]], [[0, 1, 0, 1, 2]], []], [[], [[0, 0, 1, 1, 2], [0, 1, 1, 0, 0]], [[0, 2, 2, 1]]], [[[0, 0, 1, 0, 0], [0, 0, 1, 0, 2]], [], [[0, 2, 2, 1]]], [[[0, 1, 1, 0, 2]], [[0, 0, 1, 0, 0]], [[0, 1, 2, 1]]], [[[0, 1, 0, 0, 0]], [[1, 0, 1, 1, 2], [0, 1, 0, 0, 0]], []], [[[0, 1, 1, 0, 0]], [], [[0, 0, 2, 1], [0, 1, 0, 2]]], [[], [[0, 0, 1, 1, 0]], [[0, 2, 2, 1], [0, 1, 2, 2]]]]
[[[[7, 130, 156, 167, 187]], [[30, 221, 264, 327, 430]], []], [[[12, 92, 159, 252, 288]], [], [[1, 69, 307, 349]]], [[], [[12, 82, 274, 357, 383]], [[22, 56, 287, 337]]], [[[61, 106, 135, 253, 274], [5, 97, 156, 166, 218]], [[40, 181, 255, 322, 346]], []], [[], [[57, 116, 304, 332, 370], [6, 140, 296, 344, 385]], [[46, 202, 305, 354]]], [[[55, 107, 166, 185, 312], [58, 105, 131, 173, 318]], [], [[50, 115, 170, 202]]], [[[64, 71, 85, 228, 317]], [[15, 237, 310, 342, 432]], [[19, 362, 400, 421]]], [[[25, 87, 158, 183, 236]], [[27, 112, 326, 396, 415], [45, 75, 246, 264, 434]], []], [[[49, 98, 126, 230, 265]], [], [[145, 279, 331, 381], [44, 191, 372, 406]]], [[], [[35, 211, 344, 401, 428]], [[44, 211, 325, 369], [48, 228, 294, 303]]]]

5881 3782.2 √
[8, 8, 5] [8, 5, 8]
[[[[0, 1, 3, 2, 4]], [[0, 1, 2, 3, 4]], []], [[[0, 1, 2, 3, 4]], [], [[0, 2, 1, 4]]], [[], [[0, 2, 1, 3, 4]], [[0, 2, 1, 4]]], [[[0, 1, 2, 4, 3], [0, 1, 2, 3, 4]], [[0, 1, 2, 3, 4]], []], [[], [[0, 1, 2, 3, 4], [0, 2, 1, 3, 4]], [[0, 1, 2, 4]]], [[[0, 1, 2, 4, 3], [0, 1, 2, 3, 4]], [], [[0, 1, 4, 2]]], [[[0, 1, 3, 2, 4]], [[0, 1, 2, 3, 4]], [[0, 4, 1, 2]]], [[[0, 1, 2, 4, 3]], [[0, 1, 2, 3, 4], [1, 0, 2, 3, 4]], []], [[[0, 1, 3, 2, 4]], [], [[0, 4, 2, 1], [0, 4, 1, 2]]], [[], [[0, 1, 2, 3, 4]], [[0, 1, 4, 2], [0, 2, 1, 4]]]]
[[[[2, 0, 0, 0, 1]], [[2, 2, 2, 2, 1]], []], [[[0, 0, 0, 1, 1]], [], [[0, 0, 0, 1]]], [[], [[2, 2, 0, 2, 1]], [[0, 2, 2, 1]]], [[[0, 1, 2, 1, 2], [1, 0, 0, 0, 1]], [[2, 2, 2, 2, 1]], []], [[], [[2, 0, 0, 0, 1], [0, 0, 2, 2, 1]], [[0, 0, 1, 1]]], [[[0, 0, 2, 1, 0], [2, 2, 2, 2, 1]], [], [[1, 1, 1, 1]]], [[[1, 1, 1, 0, 1]], [[0, 2, 2, 0, 1]], [[2, 1, 0, 1]]], [[[1, 2, 0, 1, 2]], [[2, 2, 2, 0, 1], [2, 1, 0, 0, 1]], []], [[[2, 1, 0, 1, 1]], [], [[0, 1, 0, 2], [1, 1, 2, 2]]], [[], [[1, 1, 1, 2, 1]], [[1, 1, 1, 1], [2, 1, 0, 1]]]]
[[[[0, 1, 1, 0, 2]], [[0, 1, 1, 0, 0]], []], [[[0, 1, 0, 1, 0]], [], [[0, 0, 1, 2]]], [[], [[0, 1, 1, 0, 0]], [[0, 1, 1, 2]]], [[[0, 1, 1, 0, 0], [0, 1, 0, 1, 0]], [[0, 1, 1, 0, 2]], []], [[], [[0, 1, 0, 1, 0], [0, 0, 1, 0, 2]], [[0, 1, 2, 2]]], [[[0, 1, 1, 0, 1], [0, 1, 1, 0, 0]], [], [[0, 1, 2, 2]]], [[[0, 1, 1, 0, 2]], [[0, 1, 1, 1, 0]], [[0, 2, 1, 2]]], [[[0, 1, 0, 0, 0]], [[0, 1, 1, 1, 2], [1, 0, 0, 1, 0]], []], [[[0, 1, 1, 2, 0]], [], [[0, 0, 0, 1], [0, 0, 1, 1]]], [[], [[0, 1, 2, 0, 2]], [[0, 1, 2, 2], [0, 2, 1, 2]]]]
[[[[86, 119, 189, 267, 284]], [[6, 113, 311, 371, 410]], []], [[[5, 95, 138, 142, 254]], [], [[14, 229, 238, 304]]], [[], [[12, 158, 306, 327, 406]], [[19, 358, 386, 430]]], [[[29, 69, 174, 194, 202], [4, 103, 139, 145, 256]], [[18, 250, 337, 373, 393]], []], [[], [[24, 214, 276, 318, 337], [39, 72, 277, 293, 324]], [[47, 247, 274, 298]]], [[[8, 111, 177, 260, 290], [32, 102, 129, 144, 192]], [], [[10, 168, 354, 363]]], [[[16, 64, 149, 166, 226]], [[59, 228, 303, 367, 408]], [[37, 377, 398, 422]]], [[[21, 72, 165, 258, 266]], [[46, 184, 345, 362, 386], [57, 103, 175, 323, 339]], []], [[[90, 133, 198, 241, 262]], [], [[84, 204, 350, 378], [27, 115, 216, 241]]], [[], [[34, 51, 86, 211, 288]], [[39, 159, 310, 319], [138, 230, 332, 371]]]]

651.796875