3251 2818.0
[3, 5, 6] [5, 2, 5]
[[[[0, 1, 2, 4, 3]], [[1, 0, 2, 3, 4]], []], [[[0, 1, 2, 4, 3]], [], [[0, 1, 4, 2]]], [[], [[1, 0, 2, 3, 4]], [[0, 1, 4, 2]]], [[[0, 1, 2, 4, 3], [0, 1, 3, 2, 4]], [[1, 0, 2, 3, 4]], []], [[], [[1, 0, 2, 3, 4], [1, 0, 2, 3, 4]], [[0, 1, 4, 2]]], [[[0, 2, 1, 3, 4], [0, 1, 2, 4, 3]], [], [[0, 2, 1, 4]]], [[[0, 2, 1, 3, 4]], [[1, 0, 2, 3, 4]], [[0, 4, 2, 1]]], [[[0, 1, 2, 4, 3]], [[0, 1, 2, 3, 4], [1, 0, 2, 3, 4]], []], [[[0, 1, 2, 4, 3]], [], [[0, 1, 2, 4], [0, 1, 2, 4]]], [[], [[0, 1, 2, 3, 4]], [[0, 2, 1, 4], [0, 2, 4, 1]]]]
[[[[2, 2, 2, 1, 1]], [[0, 0, 2, 2, 1]], []], [[[0, 0, 0, 1, 2]], [], [[2, 1, 1, 2]]], [[], [[0, 0, 0, 0, 1]], [[1, 1, 1, 2]]], [[[0, 0, 2, 1, 0], [1, 1, 2, 2, 1]], [[2, 0, 0, 2, 1]], []], [[], [[1, 0, 0, 0, 1], [2, 2, 0, 0, 1]], [[1, 1, 1, 2]]], [[[0, 2, 1, 1, 1], [1, 1, 2, 1, 0]], [], [[2, 2, 2, 1]]], [[[2, 0, 0, 0, 1]], [[2, 0, 0, 1, 1]], [[1, 1, 2, 0]]], [[[1, 1, 2, 1, 2]], [[0, 0, 0, 0, 1], [2, 0, 2, 2, 1]], []], [[[2, 0, 0, 1, 2]], [], [[1, 1, 1, 1], [1, 1, 1, 1]]], [[], [[2, 2, 2, 2, 1]], [[2, 2, 2, 1], [0, 1, 1, 0]]]]
[[[[0, 1, 1, 2, 1]], [[1, 0, 1, 0, 0]], []], [[[0, 1, 0, 2, 0]], [], [[0, 1, 2, 1]]], [[], [[1, 0, 0, 1, 0]], [[0, 1, 2, 1]]], [[[0, 1, 1, 0, 1], [0, 1, 0, 1, 0]], [[1, 0, 0, 0, 0]], []], [[], [[1, 0, 0, 1, 0], [1, 0, 0, 1, 0]], [[0, 1, 0, 1]]], [[[0, 1, 1, 1, 0], [0, 1, 1, 0, 1]], [], [[0, 1, 1, 2]]], [[[0, 0, 1, 1, 0]], [[1, 0, 0, 1, 0]], [[0, 2, 1, 1]]], [[[0, 1, 1, 0, 0]], [[0, 1, 0, 1, 0], [1, 0, 1, 0, 0]], []], [[[0, 1, 0, 2, 0]], [], [[0, 1, 2, 2], [0, 1, 2, 2]]], [[], [[0, 1, 1, 0, 0]], [[0, 1, 1, 0], [0, 2, 0, 1]]]]
[[[[32, 100, 118, 159, 191]], [[7, 176, 229, 297, 311]], []], [[[27, 87, 157, 163, 197]], [], [[1, 85, 247, 309]]], [[], [[13, 205, 278, 317, 343]], [[22, 94, 241, 319]]], [[[30, 95, 147, 178, 215], [35, 63, 129, 176, 282]], [[9, 166, 235, 295, 313]], []], [[], [[5, 139, 244, 312, 345], [17, 215, 287, 322, 347]], [[24, 201, 323, 350]]], [[[33, 115, 123, 130, 284], [30, 68, 173, 182, 258]], [], [[41, 155, 181, 259]]], [[[36, 56, 71, 120, 180]], [[49, 144, 189, 214, 290]], [[50, 253, 314, 336]]], [[[40, 118, 144, 176, 265]], [[43, 110, 296, 327, 351], [57, 171, 237, 301, 349]], []], [[[72, 79, 158, 164, 203]], [], [[46, 103, 147, 265], [48, 76, 227, 235]]], [[], [[82, 249, 279, 299, 341]], [[89, 160, 326, 361], [60, 149, 330, 362]]]]

3206 2849.2000000000003
[3, 5, 6] [5, 2, 5]
[[[[0, 1, 2, 4, 3]], [[1, 0, 2, 3, 4]], []], [[[0, 1, 2, 4, 3]], [], [[0, 1, 4, 2]]], [[], [[1, 0, 2, 3, 4]], [[0, 1, 4, 2]]], [[[0, 1, 2, 4, 3], [0, 1, 3, 2, 4]], [[1, 0, 2, 3, 4]], []], [[], [[1, 0, 2, 3, 4], [1, 0, 2, 3, 4]], [[0, 1, 4, 2]]], [[[0, 2, 1, 3, 4], [0, 1, 2, 4, 3]], [], [[0, 2, 1, 4]]], [[[0, 2, 1, 3, 4]], [[1, 0, 2, 3, 4]], [[0, 4, 2, 1]]], [[[0, 1, 2, 4, 3]], [[0, 1, 2, 3, 4], [1, 0, 2, 3, 4]], []], [[[0, 1, 2, 4, 3]], [], [[0, 1, 2, 4], [0, 1, 2, 4]]], [[], [[0, 1, 2, 3, 4]], [[0, 2, 1, 4], [0, 2, 4, 1]]]]
[[[[2, 2, 2, 1, 1]], [[0, 0, 2, 2, 1]], []], [[[0, 0, 0, 1, 2]], [], [[2, 1, 1, 2]]], [[], [[0, 0, 0, 0, 1]], [[1, 1, 1, 2]]], [[[0, 0, 2, 1, 0], [1, 1, 2, 2, 1]], [[2, 0, 0, 2, 1]], []], [[], [[1, 0, 0, 0, 1], [2, 0, 0, 0, 1]], [[1, 1, 1, 2]]], [[[0, 2, 1, 1, 1], [1, 1, 2, 1, 0]], [], [[2, 2, 2, 1]]], [[[2, 0, 0, 0, 1]], [[2, 0, 0, 1, 1]], [[1, 1, 2, 0]]], [[[1, 1, 2, 1, 2]], [[0, 0, 0, 0, 1], [2, 0, 2, 2, 1]], []], [[[2, 0, 0, 1, 2]], [], [[1, 1, 1, 1], [1, 1, 1, 1]]], [[], [[2, 2, 2, 2, 1]], [[2, 2, 2, 1], [0, 1, 1, 0]]]]
[[[[0, 1, 1, 2, 1]], [[1, 0, 1, 0, 0]], []], [[[0, 1, 0, 2, 0]], [], [[0, 1, 2, 1]]], [[], [[1, 0, 0, 1, 0]], [[0, 1, 2, 1]]], [[[0, 1, 1, 0, 1], [0, 1, 0, 1, 0]], [[1, 0, 0, 0, 0]], []], [[], [[1, 0, 0, 1, 0], [1, 0, 0, 1, 0]], [[0, 1, 0, 1]]], [[[0, 1, 1, 1, 0], [0, 1, 1, 0, 1]], [], [[0, 1, 1, 2]]], [[[0, 0, 1, 1, 0]], [[1, 0, 0, 1, 0]], [[0, 2, 1, 1]]], [[[0, 1, 1, 0, 0]], [[0, 1, 0, 1, 0], [1, 0, 1, 0, 0]], []], [[[0, 1, 0, 2, 0]], [], [[0, 1, 2, 2], [0, 1, 2, 2]]], [[], [[0, 1, 1, 0, 0]], [[0, 1, 1, 0], [0, 2, 0, 1]]]]
[[[[32, 100, 118, 159, 196]], [[7, 181, 217, 285, 299]], []], [[[27, 87, 162, 168, 197]], [], [[1, 85, 252, 297]]], [[], [[13, 149, 283, 322, 342]], [[22, 94, 246, 307]]], [[[30, 95, 147, 183, 208], [35, 63, 129, 176, 287]], [[9, 171, 240, 283, 301]], []], [[], [[5, 139, 249, 317, 344], [17, 227, 292, 327, 347]], [[24, 206, 311, 338]]], [[[33, 115, 123, 130, 289], [30, 68, 173, 187, 263]], [], [[41, 155, 181, 264]]], [[[36, 56, 71, 120, 185]], [[49, 144, 194, 219, 295]], [[50, 258, 302, 341]]], [[[40, 118, 144, 181, 253]], [[43, 110, 301, 332, 352], [57, 176, 225, 289, 349]], []], [[[72, 79, 163, 169, 203]], [], [[46, 103, 147, 270], [48, 76, 232, 240]]], [[], [[82, 237, 267, 287, 329]], [[89, 160, 314, 362], [60, 149, 318, 350]]]]

3226 2819.0
[3, 5, 6] [5, 2, 5]
[[[[0, 1, 2, 4, 3]], [[1, 0, 2, 3, 4]], []], [[[0, 1, 2, 4, 3]], [], [[0, 1, 4, 2]]], [[], [[1, 0, 2, 3, 4]], [[0, 1, 4, 2]]], [[[0, 1, 2, 4, 3], [0, 1, 3, 2, 4]], [[1, 0, 2, 3, 4]], []], [[], [[1, 0, 2, 3, 4], [1, 0, 2, 3, 4]], [[0, 1, 4, 2]]], [[[0, 2, 1, 3, 4], [0, 1, 2, 4, 3]], [], [[0, 2, 1, 4]]], [[[0, 2, 1, 3, 4]], [[1, 0, 2, 3, 4]], [[0, 4, 2, 1]]], [[[0, 1, 2, 4, 3]], [[0, 1, 2, 3, 4], [1, 0, 2, 3, 4]], []], [[[0, 1, 2, 4, 3]], [], [[0, 1, 2, 4], [0, 1, 2, 4]]], [[], [[0, 1, 2, 3, 4]], [[0, 2, 1, 4], [0, 2, 4, 1]]]]
[[[[2, 2, 2, 1, 1]], [[0, 0, 2, 2, 1]], []], [[[0, 0, 0, 1, 2]], [], [[2, 1, 1, 2]]], [[], [[0, 0, 0, 0, 1]], [[1, 1, 1, 2]]], [[[0, 0, 2, 1, 0], [1, 1, 2, 2, 1]], [[2, 0, 0, 2, 1]], []], [[], [[1, 0, 0, 0, 1], [2, 2, 0, 0, 1]], [[1, 1, 1, 2]]], [[[0, 2, 1, 1, 1], [1, 1, 2, 1, 0]], [], [[2, 2, 2, 1]]], [[[2, 0, 0, 0, 1]], [[2, 0, 0, 0, 1]], [[1, 1, 1, 0]]], [[[1, 1, 2, 1, 2]], [[0, 0, 0, 0, 1], [2, 0, 2, 2, 1]], []], [[[2, 0, 0, 1, 2]], [], [[1, 1, 1, 1], [1, 1, 1, 1]]], [[], [[2, 2, 2, 2, 1]], [[2, 2, 2, 1], [0, 1, 1, 0]]]]
[[[[0, 1, 1, 2, 1]], [[1, 0, 1, 0, 0]], []], [[[0, 1, 0, 2, 0]], [], [[0, 1, 2, 1]]], [[], [[1, 0, 0, 1, 0]], [[0, 1, 2, 1]]], [[[0, 1, 1, 0, 1], [0, 1, 0, 1, 0]], [[1, 0, 0, 0, 0]], []], [[], [[1, 0, 0, 1, 0], [1, 0, 0, 1, 0]], [[0, 1, 0, 1]]], [[[0, 1, 1, 1, 0], [0, 1, 1, 0, 1]], [], [[0, 1, 1, 2]]], [[[0, 0, 1, 1, 0]], [[1, 0, 0, 1, 0]], [[0, 2, 2, 1]]], [[[0, 1, 1, 0, 0]], [[0, 1, 0, 1, 0], [1, 0, 1, 0, 0]], []], [[[0, 1, 0, 2, 0]], [], [[0, 1, 2, 2], [0, 1, 2, 2]]], [[], [[0, 1, 1, 0, 0]], [[0, 1, 1, 0], [0, 2, 0, 1]]]]
[[[[32, 100, 118, 159, 191]], [[7, 181, 229, 297, 311]], []], [[[27, 87, 157, 163, 197]], [], [[1, 85, 240, 309]]], [[], [[13, 166, 282, 321, 343]], [[22, 94, 234, 314]]], [[[30, 95, 147, 178, 208], [35, 63, 129, 176, 275]], [[9, 171, 239, 295, 313]], []], [[], [[5, 139, 248, 316, 345], [17, 215, 291, 326, 349]], [[24, 201, 323, 350]]], [[[33, 115, 123, 130, 277], [30, 68, 173, 182, 262]], [], [[41, 155, 181, 252]]], [[[36, 56, 71, 120, 180]], [[49, 144, 194, 223, 283]], [[50, 246, 295, 340]]], [[[40, 118, 144, 176, 265]], [[43, 110, 300, 331, 351], [57, 176, 237, 301, 347]], []], [[[72, 79, 158, 164, 203]], [], [[46, 103, 147, 258], [48, 76, 220, 228]]], [[], [[82, 249, 279, 299, 341]], [[89, 160, 321, 361], [60, 149, 330, 362]]]]

3271 2699.1000000000004
[3, 5, 6] [5, 2, 5]
[[[[0, 1, 2, 4, 3]], [[1, 0, 2, 3, 4]], []], [[[0, 1, 2, 4, 3]], [], [[0, 1, 4, 2]]], [[], [[1, 0, 2, 3, 4]], [[0, 1, 4, 2]]], [[[0, 1, 2, 4, 3], [0, 1, 3, 2, 4]], [[1, 0, 2, 3, 4]], []], [[], [[1, 0, 2, 3, 4], [1, 0, 2, 3, 4]], [[0, 1, 4, 2]]], [[[0, 2, 1, 3, 4], [0, 1, 2, 4, 3]], [], [[0, 2, 1, 4]]], [[[0, 2, 1, 3, 4]], [[1, 0, 2, 3, 4]], [[0, 4, 2, 1]]], [[[0, 1, 2, 4, 3]], [[0, 1, 2, 3, 4], [1, 0, 2, 3, 4]], []], [[[0, 1, 2, 4, 3]], [], [[0, 1, 2, 4], [0, 1, 2, 4]]], [[], [[0, 1, 2, 3, 4]], [[0, 2, 1, 4], [0, 2, 4, 1]]]]
[[[[2, 2, 2, 1, 1]], [[0, 0, 2, 2, 1]], []], [[[0, 0, 0, 1, 2]], [], [[2, 1, 1, 2]]], [[], [[0, 0, 0, 0, 1]], [[1, 1, 1, 2]]], [[[0, 0, 2, 1, 0], [1, 1, 2, 2, 1]], [[2, 0, 0, 2, 1]], []], [[], [[1, 0, 0, 0, 1], [2, 2, 0, 0, 1]], [[1, 1, 1, 2]]], [[[0, 2, 1, 1, 1], [1, 1, 2, 1, 0]], [], [[2, 2, 2, 1]]], [[[2, 0, 0, 0, 1]], [[2, 0, 0, 1, 1]], [[1, 1, 2, 0]]], [[[1, 1, 2, 1, 2]], [[0, 0, 0, 0, 1], [2, 0, 2, 2, 1]], []], [[[2, 0, 0, 1, 2]], [], [[1, 1, 1, 1], [1, 1, 1, 1]]], [[], [[2, 2, 2, 2, 1]], [[2, 2, 2, 1], [0, 1, 1, 0]]]]
[[[[0, 1, 1, 2, 1]], [[1, 0, 1, 0, 0]], []], [[[0, 1, 0, 2, 0]], [], [[0, 1, 2, 1]]], [[], [[1, 0, 0, 1, 0]], [[0, 1, 2, 1]]], [[[0, 1, 1, 0, 1], [0, 1, 0, 1, 0]], [[1, 0, 0, 0, 0]], []], [[], [[1, 0, 0, 1, 0], [1, 0, 0, 1, 0]], [[0, 1, 0, 1]]], [[[0, 1, 1, 1, 0], [0, 1, 1, 0, 1]], [], [[0, 1, 1, 2]]], [[[0, 0, 1, 1, 0]], [[1, 0, 0, 1, 0]], [[0, 2, 1, 1]]], [[[0, 1, 1, 0, 0]], [[0, 1, 0, 1, 0], [1, 0, 1, 0, 0]], []], [[[0, 1, 0, 2, 0]], [], [[0, 1, 2, 2], [0, 1, 2, 2]]], [[], [[0, 1, 1, 0, 0]], [[0, 1, 1, 0], [0, 2, 0, 1]]]]
[[[[24, 92, 110, 159, 191]], [[7, 176, 221, 297, 311]], []], [[[27, 87, 157, 163, 189]], [], [[1, 85, 247, 309]]], [[], [[13, 171, 280, 319, 345]], [[22, 94, 241, 319]]], [[[30, 95, 139, 178, 203], [35, 63, 121, 168, 282]], [[241, 258, 271, 295, 313]], []], [[], [[5, 139, 223, 314, 347], [9, 207, 289, 324, 349]], [[24, 201, 323, 350]]], [[[33, 107, 123, 130, 284], [30, 68, 165, 182, 237]], [], [[33, 147, 173, 259]]], [[[28, 44, 71, 120, 180]], [[41, 144, 189, 214, 290]], [[50, 253, 314, 338]]], [[[40, 118, 136, 176, 265]], [[52, 110, 298, 329, 351], [49, 166, 229, 301, 341]], []], [[[64, 79, 158, 164, 195]], [], [[46, 103, 147, 265], [48, 76, 227, 235]]], [[], [[74, 249, 279, 299, 343]], [[81, 152, 326, 361], [60, 149, 330, 362]]]]

3251 2818.0
[3, 5, 6] [5, 2, 5]
[[[[0, 1, 2, 4, 3]], [[1, 0, 2, 3, 4]], []], [[[0, 1, 2, 4, 3]], [], [[0, 1, 4, 2]]], [[], [[1, 0, 2, 3, 4]], [[0, 1, 4, 2]]], [[[0, 1, 2, 4, 3], [0, 1, 3, 2, 4]], [[1, 0, 2, 3, 4]], []], [[], [[1, 0, 2, 3, 4], [1, 0, 2, 3, 4]], [[0, 1, 4, 2]]], [[[0, 2, 1, 3, 4], [0, 1, 2, 4, 3]], [], [[0, 2, 1, 4]]], [[[0, 2, 1, 3, 4]], [[1, 0, 2, 3, 4]], [[0, 4, 2, 1]]], [[[0, 1, 2, 4, 3]], [[0, 1, 2, 3, 4], [1, 0, 2, 3, 4]], []], [[[0, 1, 2, 4, 3]], [], [[0, 1, 2, 4], [0, 1, 2, 4]]], [[], [[0, 1, 2, 3, 4]], [[0, 2, 1, 4], [0, 2, 4, 1]]]]
[[[[2, 2, 2, 1, 1]], [[0, 0, 2, 2, 1]], []], [[[0, 0, 0, 1, 2]], [], [[2, 1, 1, 2]]], [[], [[0, 0, 0, 0, 1]], [[1, 1, 1, 2]]], [[[0, 0, 2, 1, 0], [1, 1, 2, 2, 1]], [[2, 0, 0, 2, 1]], []], [[], [[1, 0, 0, 0, 1], [2, 2, 0, 0, 1]], [[1, 1, 1, 2]]], [[[0, 2, 1, 1, 1], [1, 1, 2, 1, 0]], [], [[2, 2, 2, 1]]], [[[2, 0, 0, 0, 1]], [[2, 0, 0, 1, 1]], [[1, 1, 2, 0]]], [[[1, 1, 2, 1, 2]], [[0, 0, 0, 0, 1], [2, 0, 2, 2, 1]], []], [[[2, 0, 0, 1, 2]], [], [[1, 1, 1, 1], [1, 1, 1, 1]]], [[], [[2, 2, 2, 2, 1]], [[2, 2, 2, 1], [0, 1, 1, 0]]]]
[[[[0, 1, 1, 2, 1]], [[1, 0, 1, 0, 0]], []], [[[0, 1, 0, 2, 0]], [], [[0, 1, 2, 1]]], [[], [[1, 0, 0, 1, 0]], [[0, 1, 2, 1]]], [[[0, 1, 1, 0, 1], [0, 1, 0, 1, 0]], [[1, 0, 0, 0, 0]], []], [[], [[1, 0, 0, 1, 0], [1, 0, 0, 1, 0]], [[0, 1, 0, 1]]], [[[0, 1, 1, 1, 0], [0, 1, 1, 0, 1]], [], [[0, 1, 1, 2]]], [[[0, 0, 1, 1, 0]], [[1, 0, 0, 1, 0]], [[0, 2, 1, 1]]], [[[0, 1, 1, 0, 0]], [[0, 1, 0, 1, 0], [1, 0, 1, 0, 0]], []], [[[0, 1, 0, 2, 0]], [], [[0, 1, 2, 2], [0, 1, 2, 2]]], [[], [[0, 1, 1, 0, 0]], [[0, 1, 1, 0], [0, 2, 0, 1]]]]
[[[[32, 100, 118, 159, 191]], [[7, 176, 229, 297, 311]], []], [[[27, 87, 157, 163, 197]], [], [[1, 85, 247, 309]]], [[], [[13, 205, 278, 317, 343]], [[22, 94, 241, 319]]], [[[30, 95, 147, 178, 215], [35, 63, 129, 176, 282]], [[9, 166, 235, 295, 313]], []], [[], [[5, 139, 244, 312, 345], [17, 215, 287, 322, 349]], [[24, 201, 323, 350]]], [[[33, 115, 123, 130, 284], [30, 68, 173, 182, 258]], [], [[41, 155, 181, 259]]], [[[36, 56, 71, 120, 180]], [[49, 144, 189, 214, 290]], [[50, 253, 314, 336]]], [[[40, 118, 144, 176, 265]], [[43, 110, 296, 327, 351], [57, 171, 237, 301, 347]], []], [[[72, 79, 158, 164, 203]], [], [[46, 103, 147, 265], [48, 76, 227, 235]]], [[], [[82, 249, 279, 299, 341]], [[89, 160, 326, 361], [60, 149, 330, 362]]]]

3259 2814.7
[3, 5, 6] [5, 2, 5]
[[[[0, 1, 2, 4, 3]], [[1, 0, 2, 3, 4]], []], [[[0, 1, 2, 4, 3]], [], [[0, 1, 4, 2]]], [[], [[1, 0, 2, 3, 4]], [[0, 1, 4, 2]]], [[[0, 1, 2, 4, 3], [0, 1, 3, 2, 4]], [[1, 0, 2, 3, 4]], []], [[], [[1, 0, 2, 3, 4], [1, 0, 2, 3, 4]], [[0, 1, 4, 2]]], [[[0, 2, 1, 3, 4], [0, 1, 2, 4, 3]], [], [[0, 2, 1, 4]]], [[[0, 2, 1, 3, 4]], [[1, 0, 2, 3, 4]], [[0, 4, 2, 1]]], [[[0, 1, 2, 4, 3]], [[0, 1, 2, 3, 4], [1, 0, 2, 3, 4]], []], [[[0, 1, 2, 4, 3]], [], [[0, 1, 2, 4], [0, 1, 2, 4]]], [[], [[0, 1, 2, 3, 4]], [[0, 2, 1, 4], [0, 2, 4, 1]]]]
[[[[2, 2, 2, 1, 1]], [[0, 0, 2, 2, 1]], []], [[[0, 0, 0, 1, 2]], [], [[2, 1, 1, 2]]], [[], [[0, 0, 0, 0, 1]], [[1, 1, 1, 2]]], [[[0, 0, 2, 1, 0], [1, 1, 2, 2, 1]], [[2, 0, 0, 2, 1]], []], [[], [[1, 0, 0, 0, 1], [2, 2, 0, 0, 1]], [[1, 1, 1, 2]]], [[[0, 2, 1, 1, 1], [1, 1, 2, 1, 0]], [], [[2, 2, 2, 1]]], [[[2, 0, 0, 0, 1]], [[2, 0, 0, 1, 1]], [[1, 1, 2, 0]]], [[[1, 1, 2, 1, 2]], [[0, 0, 0, 0, 1], [2, 0, 2, 2, 1]], []], [[[2, 0, 0, 1, 2]], [], [[1, 1, 1, 1], [1, 1, 1, 1]]], [[], [[2, 2, 2, 2, 1]], [[2, 2, 2, 1], [0, 1, 1, 0]]]]
[[[[0, 1, 1, 2, 1]], [[1, 0, 1, 0, 0]], []], [[[0, 1, 0, 2, 0]], [], [[0, 1, 2, 1]]], [[], [[1, 0, 0, 1, 0]], [[0, 1, 2, 1]]], [[[0, 1, 1, 0, 1], [0, 1, 0, 1, 0]], [[1, 0, 0, 0, 0]], []], [[], [[1, 0, 0, 1, 0], [1, 0, 0, 1, 0]], [[0, 1, 0, 1]]], [[[0, 1, 1, 1, 0], [0, 1, 1, 0, 1]], [], [[0, 1, 1, 2]]], [[[0, 0, 1, 1, 0]], [[1, 0, 0, 1, 0]], [[0, 2, 1, 1]]], [[[0, 1, 1, 0, 0]], [[0, 1, 0, 1, 0], [1, 0, 1, 0, 0]], []], [[[0, 1, 0, 2, 0]], [], [[0, 1, 2, 2], [0, 1, 2, 2]]], [[], [[0, 1, 1, 0, 0]], [[0, 1, 1, 0], [0, 2, 0, 1]]]]
[[[[32, 100, 118, 159, 191]], [[7, 176, 229, 297, 311]], []], [[[27, 87, 157, 163, 197]], [], [[1, 85, 247, 309]]], [[], [[13, 171, 278, 317, 345]], [[22, 94, 241, 319]]], [[[30, 95, 147, 178, 203], [35, 63, 129, 176, 282]], [[9, 222, 269, 295, 313]], []], [[], [[5, 139, 235, 312, 347], [17, 215, 287, 322, 349]], [[24, 201, 323, 350]]], [[[33, 115, 123, 130, 284], [30, 68, 173, 182, 249]], [], [[41, 155, 181, 259]]], [[[36, 44, 71, 120, 180]], [[49, 144, 189, 214, 290]], [[50, 253, 314, 336]]], [[[40, 118, 144, 176, 265]], [[52, 110, 296, 327, 351], [57, 166, 237, 301, 343]], []], [[[72, 79, 158, 164, 203]], [], [[46, 103, 147, 265], [48, 76, 227, 235]]], [[], [[82, 249, 279, 299, 341]], [[89, 160, 326, 361], [60, 149, 330, 362]]]]

3226 2819.0
[3, 5, 6] [5, 2, 5]
[[[[0, 1, 2, 4, 3]], [[1, 0, 2, 3, 4]], []], [[[0, 1, 2, 4, 3]], [], [[0, 1, 4, 2]]], [[], [[1, 0, 2, 3, 4]], [[0, 1, 4, 2]]], [[[0, 1, 2, 4, 3], [0, 1, 3, 2, 4]], [[1, 0, 2, 3, 4]], []], [[], [[1, 0, 2, 3, 4], [1, 0, 2, 3, 4]], [[0, 1, 4, 2]]], [[[0, 2, 1, 3, 4], [0, 1, 2, 4, 3]], [], [[0, 2, 1, 4]]], [[[0, 2, 1, 3, 4]], [[1, 0, 2, 3, 4]], [[0, 4, 2, 1]]], [[[0, 1, 2, 4, 3]], [[0, 1, 2, 3, 4], [1, 0, 2, 3, 4]], []], [[[0, 1, 2, 4, 3]], [], [[0, 1, 2, 4], [0, 1, 2, 4]]], [[], [[0, 1, 2, 3, 4]], [[0, 2, 1, 4], [0, 2, 4, 1]]]]
[[[[2, 2, 2, 1, 1]], [[0, 0, 2, 2, 1]], []], [[[0, 0, 0, 1, 2]], [], [[2, 1, 1, 2]]], [[], [[0, 0, 0, 0, 1]], [[1, 1, 1, 2]]], [[[0, 0, 2, 1, 0], [1, 1, 2, 2, 1]], [[2, 0, 0, 2, 1]], []], [[], [[1, 0, 0, 0, 1], [2, 2, 0, 0, 1]], [[1, 1, 1, 2]]], [[[0, 2, 1, 1, 1], [1, 1, 2, 1, 0]], [], [[2, 2, 2, 1]]], [[[2, 0, 0, 0, 1]], [[2, 0, 0, 0, 1]], [[1, 1, 1, 0]]], [[[1, 1, 2, 1, 2]], [[0, 0, 0, 0, 1], [2, 0, 2, 2, 1]], []], [[[2, 0, 0, 1, 2]], [], [[1, 1, 1, 1], [1, 1, 1, 1]]], [[], [[2, 2, 2, 2, 1]], [[2, 2, 2, 1], [0, 1, 1, 0]]]]
[[[[0, 1, 1, 2, 1]], [[1, 0, 1, 0, 0]], []], [[[0, 1, 0, 2, 0]], [], [[0, 1, 2, 1]]], [[], [[1, 0, 0, 1, 0]], [[0, 1, 2, 1]]], [[[0, 1, 1, 0, 1], [0, 1, 0, 1, 0]], [[1, 0, 0, 0, 0]], []], [[], [[1, 0, 0, 1, 0], [1, 0, 0, 1, 0]], [[0, 1, 0, 1]]], [[[0, 1, 1, 1, 0], [0, 1, 1, 0, 1]], [], [[0, 1, 1, 2]]], [[[0, 0, 1, 1, 0]], [[1, 0, 0, 1, 0]], [[0, 2, 2, 1]]], [[[0, 1, 1, 0, 0]], [[0, 1, 0, 1, 0], [1, 0, 1, 0, 0]], []], [[[0, 1, 0, 2, 0]], [], [[0, 1, 2, 2], [0, 1, 2, 2]]], [[], [[0, 1, 1, 0, 0]], [[0, 1, 1, 0], [0, 2, 0, 1]]]]
[[[[32, 100, 118, 159, 191]], [[7, 176, 229, 297, 311]], []], [[[27, 87, 157, 163, 197]], [], [[1, 85, 240, 309]]], [[], [[13, 181, 282, 321, 343]], [[22, 94, 234, 314]]], [[[30, 95, 147, 178, 208], [35, 63, 129, 176, 275]], [[9, 166, 239, 295, 313]], []], [[], [[5, 139, 248, 316, 345], [17, 215, 291, 326, 347]], [[24, 201, 323, 350]]], [[[33, 115, 123, 130, 277], [30, 68, 173, 182, 262]], [], [[41, 155, 181, 252]]], [[[36, 56, 71, 120, 180]], [[49, 144, 194, 223, 283]], [[50, 246, 295, 340]]], [[[40, 118, 144, 176, 265]], [[43, 110, 300, 331, 351], [57, 171, 237, 301, 349]], []], [[[72, 79, 158, 164, 203]], [], [[46, 103, 147, 258], [48, 76, 220, 228]]], [[], [[82, 249, 279, 299, 341]], [[89, 160, 321, 361], [60, 149, 330, 362]]]]

3263 2702.1
[3, 5, 6] [5, 2, 5]
[[[[0, 1, 2, 4, 3]], [[1, 0, 2, 3, 4]], []], [[[0, 1, 2, 4, 3]], [], [[0, 1, 4, 2]]], [[], [[1, 0, 2, 3, 4]], [[0, 1, 4, 2]]], [[[0, 1, 2, 4, 3], [0, 1, 3, 2, 4]], [[1, 0, 2, 3, 4]], []], [[], [[1, 0, 2, 3, 4], [1, 0, 2, 3, 4]], [[0, 1, 4, 2]]], [[[0, 2, 1, 3, 4], [0, 1, 2, 4, 3]], [], [[0, 2, 1, 4]]], [[[0, 2, 1, 3, 4]], [[1, 0, 2, 3, 4]], [[0, 4, 2, 1]]], [[[0, 1, 2, 4, 3]], [[0, 1, 2, 3, 4], [1, 0, 2, 3, 4]], []], [[[0, 1, 2, 4, 3]], [], [[0, 1, 2, 4], [0, 1, 2, 4]]], [[], [[0, 1, 2, 3, 4]], [[0, 2, 1, 4], [0, 2, 4, 1]]]]
[[[[2, 2, 2, 1, 1]], [[0, 0, 2, 2, 1]], []], [[[0, 0, 0, 1, 2]], [], [[2, 1, 1, 2]]], [[], [[0, 0, 0, 0, 1]], [[1, 1, 1, 2]]], [[[0, 0, 2, 1, 0], [1, 1, 2, 2, 1]], [[2, 0, 0, 2, 1]], []], [[], [[1, 0, 0, 0, 1], [2, 2, 0, 0, 1]], [[1, 1, 1, 2]]], [[[0, 2, 1, 1, 1], [1, 1, 2, 1, 0]], [], [[2, 2, 2, 1]]], [[[2, 0, 0, 0, 1]], [[2, 0, 0, 1, 1]], [[1, 1, 2, 0]]], [[[1, 1, 2, 1, 2]], [[0, 0, 0, 0, 1], [2, 0, 2, 2, 1]], []], [[[2, 0, 0, 1, 2]], [], [[1, 1, 1, 1], [1, 1, 1, 1]]], [[], [[2, 2, 2, 2, 1]], [[2, 2, 2, 1], [0, 1, 1, 0]]]]
[[[[0, 1, 1, 2, 1]], [[1, 0, 1, 0, 0]], []], [[[0, 1, 0, 2, 0]], [], [[0, 1, 2, 1]]], [[], [[1, 0, 0, 1, 0]], [[0, 1, 2, 1]]], [[[0, 1, 1, 0, 1], [0, 1, 0, 1, 0]], [[1, 0, 0, 0, 0]], []], [[], [[1, 0, 0, 1, 0], [1, 0, 0, 1, 0]], [[0, 1, 0, 1]]], [[[0, 1, 1, 1, 0], [0, 1, 1, 0, 1]], [], [[0, 1, 1, 2]]], [[[0, 0, 1, 1, 0]], [[1, 0, 0, 1, 0]], [[0, 2, 1, 1]]], [[[0, 1, 1, 0, 0]], [[0, 1, 0, 1, 0], [1, 0, 1, 0, 0]], []], [[[0, 1, 0, 2, 0]], [], [[0, 1, 2, 2], [0, 1, 2, 2]]], [[], [[0, 1, 1, 0, 0]], [[0, 1, 1, 0], [0, 2, 0, 1]]]]
[[[[24, 92, 110, 159, 191]], [[7, 171, 221, 297, 311]], []], [[[27, 87, 157, 163, 189]], [], [[1, 85, 247, 309]]], [[], [[13, 176, 280, 319, 343]], [[22, 94, 241, 319]]], [[[30, 95, 139, 178, 203], [35, 63, 121, 168, 282]], [[241, 258, 271, 295, 313]], []], [[], [[5, 139, 223, 314, 347], [9, 207, 289, 324, 349]], [[24, 201, 323, 350]]], [[[33, 107, 123, 130, 284], [30, 68, 165, 182, 237]], [], [[33, 147, 173, 259]]], [[[28, 44, 71, 120, 180]], [[41, 144, 189, 214, 290]], [[50, 253, 314, 338]]], [[[40, 118, 136, 176, 265]], [[52, 110, 298, 329, 351], [49, 166, 229, 301, 345]], []], [[[64, 79, 158, 164, 195]], [], [[46, 103, 147, 265], [48, 76, 227, 235]]], [[], [[74, 249, 279, 299, 341]], [[81, 152, 326, 361], [60, 149, 330, 362]]]]

609.9375