3845 2573.6 √
[7, 7, 7] [8, 3, 6]
[[[[0, 2, 1, 4, 3]], [[0, 2, 1, 3, 4]], []], [[[0, 1, 2, 3, 4]], [], [[0, 1, 4, 2]]], [[], [[1, 0, 2, 3, 4]], [[0, 4, 2, 1]]], [[[0, 1, 2, 4, 3], [0, 1, 2, 4, 3]], [[0, 1, 2, 3, 4]], []], [[], [[0, 2, 1, 3, 4], [0, 2, 1, 3, 4]], [[0, 2, 1, 4]]], [[[0, 2, 1, 4, 3], [0, 2, 1, 4, 3]], [], [[0, 2, 4, 1]]], [[[0, 1, 2, 3, 4]], [[0, 2, 1, 3, 4]], [[0, 2, 4, 1]]], [[[0, 1, 2, 4, 3]], [[0, 2, 1, 3, 4], [0, 2, 1, 3, 4]], []], [[[0, 1, 3, 2, 4]], [], [[0, 4, 2, 1], [0, 1, 4, 2]]], [[], [[1, 0, 2, 3, 4]], [[0, 4, 2, 1], [0, 4, 1, 2]]]]
[[[[1, 1, 1, 1, 1]], [[2, 0, 0, 0, 1]], []], [[[0, 2, 0, 0, 1]], [], [[1, 1, 1, 1]]], [[], [[0, 0, 2, 2, 1]], [[1, 1, 2, 2]]], [[[0, 2, 0, 1, 0], [1, 1, 1, 1, 1]], [[0, 0, 2, 2, 1]], []], [[], [[0, 2, 0, 0, 1], [2, 2, 2, 2, 1]], [[2, 2, 2, 1]]], [[[2, 0, 0, 1, 2], [2, 2, 2, 1, 2]], [], [[2, 2, 1, 2]]], [[[2, 2, 2, 2, 1]], [[0, 0, 0, 2, 1]], [[1, 1, 1, 0]]], [[[2, 2, 0, 1, 2]], [[0, 0, 2, 2, 1], [0, 0, 2, 0, 1]], []], [[[0, 0, 2, 0, 1]], [], [[1, 1, 2, 1], [1, 1, 1, 1]]], [[], [[0, 2, 0, 2, 1]], [[1, 1, 1, 1], [1, 1, 1, 1]]]]
[[[[0, 2, 1, 0, 1]], [[0, 0, 1, 1, 0]], []], [[[0, 1, 0, 1, 0]], [], [[0, 1, 0, 2]]], [[], [[1, 0, 1, 0, 0]], [[0, 2, 1, 1]]], [[[0, 1, 0, 0, 1], [0, 1, 2, 0, 1]], [[0, 1, 1, 0, 0]], []], [[], [[0, 1, 1, 1, 0], [0, 1, 1, 0, 0]], [[0, 1, 1, 0]]], [[[0, 0, 1, 0, 0], [0, 1, 1, 0, 0]], [], [[0, 1, 0, 1]]], [[[0, 1, 1, 0, 0]], [[0, 0, 1, 0, 0]], [[0, 2, 0, 1]]], [[[0, 1, 0, 0, 0]], [[0, 0, 1, 0, 0], [0, 0, 1, 1, 0]], []], [[[0, 1, 0, 0, 0]], [], [[0, 2, 1, 1], [0, 1, 0, 2]]], [[], [[1, 0, 0, 0, 0]], [[0, 2, 2, 1], [0, 2, 1, 2]]]]
[[[[7, 127, 164, 196, 207]], [[10, 141, 225, 300, 330]], []], [[[30, 60, 86, 109, 198]], [], [[1, 217, 291, 346]]], [[], [[219, 247, 274, 292, 332]], [[24, 43, 105, 329]]], [[[33, 67, 167, 184, 191], [12, 87, 129, 142, 151]], [[7, 231, 266, 345, 357]], []], [[], [[128, 181, 207, 259, 328], [36, 189, 311, 347, 359]], [[17, 100, 154, 277]]], [[[44, 168, 177, 192, 215], [26, 89, 117, 190, 236]], [], [[1, 254, 298, 321]]], [[[22, 74, 92, 145, 186]], [[43, 95, 213, 290, 326]], [[18, 52, 270, 309]]], [[[48, 124, 170, 188, 242]], [[12, 150, 166, 294, 334], [17, 284, 303, 324, 363]], []], [[[27, 54, 139, 169, 194]], [], [[20, 60, 202, 226], [22, 235, 284, 315]]], [[], [[69, 227, 275, 296, 361]], [[26, 66, 114, 244], [28, 72, 95, 116]]]]

3884 2548.0 √
[7, 7, 7] [8, 3, 6]
[[[[0, 2, 1, 4, 3]], [[0, 2, 1, 3, 4]], []], [[[0, 1, 2, 3, 4]], [], [[0, 1, 4, 2]]], [[], [[1, 0, 2, 3, 4]], [[0, 4, 2, 1]]], [[[0, 1, 2, 4, 3], [0, 1, 2, 4, 3]], [[0, 1, 2, 3, 4]], []], [[], [[0, 2, 1, 3, 4], [0, 2, 1, 3, 4]], [[0, 2, 1, 4]]], [[[0, 2, 1, 4, 3], [0, 2, 1, 4, 3]], [], [[0, 2, 4, 1]]], [[[0, 1, 2, 3, 4]], [[0, 2, 1, 3, 4]], [[0, 2, 4, 1]]], [[[0, 1, 2, 4, 3]], [[0, 2, 1, 3, 4], [0, 2, 1, 3, 4]], []], [[[0, 1, 3, 2, 4]], [], [[0, 4, 2, 1], [0, 1, 4, 2]]], [[], [[1, 0, 2, 3, 4]], [[0, 4, 2, 1], [0, 4, 1, 2]]]]
[[[[1, 1, 1, 1, 0]], [[0, 0, 0, 0, 1]], []], [[[0, 2, 0, 2, 1]], [], [[1, 1, 1, 1]]], [[], [[0, 0, 2, 2, 1]], [[1, 1, 2, 2]]], [[[0, 2, 0, 1, 0], [1, 1, 1, 1, 1]], [[0, 0, 2, 2, 1]], []], [[], [[0, 2, 0, 0, 1], [2, 2, 2, 2, 1]], [[2, 2, 2, 1]]], [[[2, 0, 0, 1, 2], [2, 2, 2, 1, 2]], [], [[2, 2, 1, 2]]], [[[2, 2, 2, 2, 1]], [[0, 0, 0, 2, 1]], [[1, 1, 1, 0]]], [[[2, 2, 0, 1, 2]], [[0, 0, 2, 2, 1], [0, 0, 2, 0, 1]], []], [[[0, 0, 2, 0, 1]], [], [[1, 1, 2, 1], [0, 1, 1, 1]]], [[], [[0, 2, 0, 2, 1]], [[1, 1, 1, 1], [1, 1, 1, 1]]]]
[[[[0, 2, 1, 0, 1]], [[0, 0, 1, 1, 0]], []], [[[0, 1, 0, 0, 0]], [], [[0, 1, 0, 2]]], [[], [[1, 0, 1, 0, 0]], [[0, 2, 1, 1]]], [[[0, 1, 0, 0, 1], [0, 1, 2, 0, 1]], [[0, 1, 1, 0, 0]], []], [[], [[0, 1, 1, 1, 0], [0, 1, 1, 0, 0]], [[0, 1, 1, 0]]], [[[0, 0, 1, 0, 0], [0, 1, 1, 0, 0]], [], [[0, 1, 0, 1]]], [[[0, 1, 1, 0, 0]], [[0, 0, 1, 0, 0]], [[0, 2, 0, 1]]], [[[0, 1, 0, 0, 0]], [[0, 0, 1, 0, 0], [0, 0, 1, 1, 0]], []], [[[0, 1, 0, 0, 0]], [], [[0, 2, 1, 1], [0, 1, 0, 2]]], [[], [[1, 0, 0, 0, 0]], [[0, 2, 2, 1], [0, 2, 1, 2]]]]
[[[[7, 125, 162, 194, 201]], [[12, 137, 241, 310, 330]], []], [[[40, 49, 99, 128, 196]], [], [[1, 206, 282, 344]]], [[], [[235, 257, 269, 287, 321]], [[22, 41, 94, 335]]], [[[46, 56, 163, 182, 189], [12, 85, 127, 140, 149]], [[7, 223, 261, 351, 362]], []], [[], [[124, 176, 217, 269, 319], [25, 184, 317, 353, 364]], [[10, 89, 149, 268]]], [[[33, 164, 173, 190, 210], [2, 78, 106, 188, 231]], [], [[7, 249, 289, 327]]], [[[15, 63, 81, 140, 184]], [[56, 108, 229, 285, 317]], [[18, 50, 261, 319]]], [[[37, 113, 166, 186, 237]], [[17, 146, 161, 289, 332], [22, 294, 309, 334, 368]], []], [[[43, 67, 134, 165, 192]], [], [[20, 58, 197, 217], [30, 226, 275, 306]]], [[], [[82, 222, 285, 300, 366]], [[24, 64, 112, 235], [26, 70, 93, 114]]]]

3942 2461.6 √
[7, 7, 7] [8, 3, 6]
[[[[0, 2, 1, 4, 3]], [[0, 2, 1, 3, 4]], []], [[[0, 1, 2, 3, 4]], [], [[0, 1, 4, 2]]], [[], [[1, 0, 2, 3, 4]], [[0, 4, 2, 1]]], [[[0, 1, 2, 4, 3], [0, 1, 2, 4, 3]], [[0, 1, 2, 3, 4]], []], [[], [[0, 2, 1, 3, 4], [0, 2, 1, 3, 4]], [[0, 2, 1, 4]]], [[[0, 2, 1, 4, 3], [0, 2, 1, 4, 3]], [], [[0, 2, 4, 1]]], [[[0, 1, 2, 3, 4]], [[0, 2, 1, 3, 4]], [[0, 2, 4, 1]]], [[[0, 1, 2, 4, 3]], [[0, 2, 1, 3, 4], [0, 2, 1, 3, 4]], []], [[[0, 1, 3, 2, 4]], [], [[0, 4, 2, 1], [0, 1, 4, 2]]], [[], [[1, 0, 2, 3, 4]], [[0, 4, 2, 1], [0, 4, 1, 2]]]]
[[[[1, 1, 1, 1, 0]], [[0, 0, 0, 0, 1]], []], [[[0, 2, 0, 2, 1]], [], [[1, 1, 1, 1]]], [[], [[0, 0, 2, 2, 1]], [[1, 1, 2, 2]]], [[[0, 2, 0, 1, 0], [1, 1, 1, 1, 1]], [[0, 0, 2, 2, 1]], []], [[], [[0, 2, 0, 0, 1], [2, 2, 2, 2, 1]], [[2, 2, 2, 1]]], [[[2, 0, 0, 1, 2], [2, 2, 2, 1, 2]], [], [[2, 2, 1, 2]]], [[[2, 2, 2, 2, 1]], [[0, 0, 0, 2, 1]], [[1, 1, 1, 0]]], [[[2, 2, 0, 1, 2]], [[0, 0, 2, 2, 1], [0, 0, 2, 0, 1]], []], [[[0, 0, 2, 0, 1]], [], [[1, 1, 2, 1], [1, 1, 1, 1]]], [[], [[0, 2, 0, 2, 1]], [[1, 1, 1, 1], [1, 1, 1, 1]]]]
[[[[0, 2, 1, 0, 1]], [[0, 0, 1, 1, 0]], []], [[[0, 1, 0, 0, 0]], [], [[0, 1, 0, 2]]], [[], [[1, 0, 1, 0, 0]], [[0, 2, 1, 1]]], [[[0, 1, 0, 0, 1], [0, 1, 2, 0, 1]], [[0, 1, 1, 0, 0]], []], [[], [[0, 1, 1, 1, 0], [0, 1, 1, 0, 0]], [[0, 1, 1, 0]]], [[[0, 0, 1, 0, 0], [0, 1, 1, 0, 0]], [], [[0, 1, 0, 1]]], [[[0, 1, 1, 0, 0]], [[0, 0, 1, 0, 0]], [[0, 2, 0, 1]]], [[[0, 1, 0, 0, 0]], [[0, 0, 1, 0, 0], [0, 0, 1, 1, 0]], []], [[[0, 1, 0, 0, 0]], [], [[0, 2, 1, 1], [0, 1, 0, 2]]], [[], [[1, 0, 0, 0, 0]], [[0, 2, 2, 1], [0, 2, 1, 2]]]]
[[[[7, 127, 164, 196, 203]], [[12, 129, 243, 312, 332]], []], [[[32, 49, 91, 128, 198]], [], [[1, 208, 282, 346]]], [[], [[237, 259, 276, 294, 321]], [[24, 43, 94, 337]]], [[[38, 56, 155, 184, 191], [12, 87, 129, 142, 151]], [[7, 225, 251, 353, 364]], []], [[], [[116, 176, 219, 271, 319], [25, 184, 319, 355, 366]], [[10, 89, 149, 268]]], [[[33, 156, 165, 192, 210], [2, 78, 106, 190, 231]], [], [[7, 264, 289, 329]]], [[[15, 63, 81, 140, 186]], [[48, 100, 231, 292, 317]], [[18, 52, 261, 321]]], [[[37, 113, 158, 188, 237]], [[17, 138, 161, 296, 334], [22, 296, 311, 336, 370]], []], [[[35, 59, 134, 157, 194]], [], [[20, 60, 197, 217], [22, 226, 275, 306]]], [[], [[74, 222, 287, 302, 368]], [[26, 66, 114, 235], [28, 72, 95, 116]]]]

600.96875