5031 3699.3 √
[5, 5, 2] [7, 3, 6]
[[[[0, 1, 3, 2, 4]], [[1, 0, 2, 3, 4]], []], [[[0, 1, 2, 4, 3]], [], [[0, 2, 4, 1]]], [[], [[1, 0, 2, 3, 4]], [[0, 4, 1, 2]]], [[[0, 2, 1, 3, 4], [0, 1, 2, 3, 4]], [[1, 0, 2, 3, 4]], []], [[], [[1, 0, 2, 3, 4], [0, 1, 2, 3, 4]], [[0, 2, 4, 1]]], [[[0, 2, 1, 4, 3], [0, 1, 2, 4, 3]], [], [[0, 2, 4, 1]]], [[[0, 1, 3, 2, 4]], [[1, 0, 2, 3, 4]], [[0, 4, 2, 1]]], [[[0, 1, 3, 2, 4]], [[1, 0, 2, 3, 4], [0, 2, 1, 3, 4]], []], [[[0, 2, 1, 3, 4]], [], [[0, 4, 2, 1], [0, 1, 2, 4]]], [[], [[1, 0, 2, 3, 4]], [[0, 4, 2, 1], [0, 4, 1, 2]]]]
[[[[0, 2, 0, 0, 1]], [[0, 0, 1, 2, 1]], []], [[[2, 0, 0, 1, 2]], [], [[1, 1, 1, 0]]], [[], [[0, 0, 2, 2, 1]], [[1, 1, 2, 0]]], [[[2, 2, 2, 2, 1], [2, 1, 1, 0, 1]], [[2, 0, 2, 2, 1]], []], [[], [[0, 0, 2, 2, 1], [2, 2, 2, 2, 1]], [[1, 1, 1, 2]]], [[[2, 2, 0, 1, 0], [0, 1, 1, 1, 0]], [], [[0, 0, 1, 2]]], [[[1, 1, 2, 1, 1]], [[0, 0, 2, 2, 1]], [[1, 1, 1, 2]]], [[[0, 1, 2, 0, 1]], [[2, 0, 0, 0, 1], [1, 0, 0, 2, 1]], []], [[[1, 2, 2, 2, 1]], [], [[0, 1, 1, 0], [1, 0, 0, 1]]], [[], [[2, 2, 0, 2, 1]], [[1, 1, 2, 2], [1, 1, 2, 2]]]]
[[[[0, 1, 1, 0, 2]], [[1, 0, 2, 0, 0]], []], [[[0, 1, 0, 0, 0]], [], [[0, 2, 2, 1]]], [[], [[1, 0, 1, 0, 0]], [[0, 0, 1, 0]]], [[[0, 1, 1, 0, 2], [0, 1, 2, 1, 2]], [[1, 0, 1, 0, 2]], []], [[], [[1, 0, 1, 0, 2], [0, 1, 1, 0, 2]], [[0, 2, 2, 1]]], [[[0, 1, 1, 0, 1], [0, 1, 2, 0, 1]], [], [[0, 0, 2, 1]]], [[[0, 1, 0, 2, 2]], [[1, 0, 1, 0, 0]], [[0, 2, 2, 1]]], [[[0, 1, 0, 0, 0]], [[1, 0, 0, 1, 2], [0, 0, 1, 0, 0]], []], [[[0, 1, 1, 0, 0]], [], [[0, 2, 2, 1], [0, 1, 0, 0]]], [[], [[1, 0, 0, 0, 0]], [[0, 0, 1, 1], [0, 0, 1, 1]]]]
[[[[42, 64, 91, 193, 259]], [[13, 175, 242, 271, 344]], []], [[[2, 105, 194, 211, 282]], [], [[203, 223, 231, 272]]], [[], [[7, 128, 203, 273, 346]], [[33, 125, 188, 331]]], [[[6, 142, 152, 225, 257], [10, 60, 150, 218, 303]], [[331, 372, 391, 407, 427]], []], [[], [[19, 133, 239, 277, 364], [50, 75, 247, 291, 368]], [[12, 155, 322, 360]]], [[[14, 91, 144, 168, 209], [39, 50, 98, 170, 200]], [], [[243, 254, 316, 352]]], [[[4, 65, 102, 148, 258]], [[25, 180, 255, 275, 352]], [[10, 106, 333, 368]]], [[[45, 55, 219, 266, 286]], [[23, 123, 292, 317, 372], [19, 64, 81, 322, 348]], []], [[[27, 117, 127, 167, 200]], [], [[51, 310, 331, 353], [35, 156, 236, 273]]], [[], [[31, 179, 301, 324, 350]], [[37, 187, 299, 376], [80, 180, 306, 344]]]]

5081 3511.8999999999996 √
[5, 5, 2] [7, 3, 6]
[[[[0, 1, 3, 2, 4]], [[1, 0, 2, 3, 4]], []], [[[0, 1, 2, 4, 3]], [], [[0, 4, 2, 1]]], [[], [[1, 0, 2, 3, 4]], [[0, 4, 1, 2]]], [[[0, 2, 1, 3, 4], [0, 1, 2, 3, 4]], [[1, 0, 2, 3, 4]], []], [[], [[1, 0, 2, 3, 4], [0, 1, 2, 3, 4]], [[0, 2, 4, 1]]], [[[0, 2, 1, 4, 3], [0, 1, 2, 4, 3]], [], [[0, 2, 4, 1]]], [[[0, 1, 3, 2, 4]], [[1, 0, 2, 3, 4]], [[0, 4, 2, 1]]], [[[0, 1, 3, 2, 4]], [[1, 0, 2, 3, 4], [0, 2, 1, 3, 4]], []], [[[0, 2, 1, 3, 4]], [], [[0, 4, 2, 1], [0, 1, 2, 4]]], [[], [[1, 0, 2, 3, 4]], [[0, 4, 2, 1], [0, 4, 1, 2]]]]
[[[[0, 2, 0, 0, 1]], [[0, 0, 1, 2, 1]], []], [[[2, 0, 0, 1, 2]], [], [[1, 1, 1, 0]]], [[], [[0, 0, 2, 2, 1]], [[1, 1, 2, 2]]], [[[2, 2, 2, 2, 1], [2, 1, 1, 0, 1]], [[2, 0, 2, 2, 1]], []], [[], [[0, 0, 1, 2, 1], [2, 2, 2, 2, 1]], [[1, 1, 1, 2]]], [[[2, 2, 0, 1, 0], [0, 1, 1, 1, 0]], [], [[0, 0, 1, 2]]], [[[2, 1, 2, 1, 1]], [[0, 0, 2, 2, 1]], [[1, 1, 1, 0]]], [[[0, 1, 2, 0, 1]], [[2, 0, 0, 0, 1], [1, 0, 0, 2, 1]], []], [[[1, 2, 2, 2, 1]], [], [[0, 1, 1, 0], [1, 0, 0, 1]]], [[], [[2, 2, 0, 2, 1]], [[1, 1, 2, 2], [1, 1, 2, 0]]]]
[[[[0, 1, 1, 0, 0]], [[1, 0, 2, 0, 0]], []], [[[0, 1, 0, 0, 0]], [], [[0, 2, 2, 1]]], [[], [[1, 0, 1, 0, 0]], [[0, 0, 1, 1]]], [[[0, 1, 1, 0, 2], [0, 1, 2, 1, 2]], [[1, 0, 1, 0, 2]], []], [[], [[1, 0, 2, 0, 2], [0, 1, 1, 0, 2]], [[0, 2, 2, 1]]], [[[0, 1, 1, 0, 1], [0, 1, 2, 0, 1]], [], [[0, 0, 2, 1]]], [[[0, 1, 0, 2, 2]], [[1, 0, 1, 0, 0]], [[0, 2, 2, 1]]], [[[0, 1, 0, 0, 0]], [[1, 0, 0, 1, 2], [0, 0, 1, 0, 0]], []], [[[0, 1, 1, 0, 0]], [], [[0, 2, 2, 1], [0, 1, 0, 0]]], [[], [[1, 0, 0, 0, 0]], [[0, 0, 1, 1], [0, 0, 1, 0]]]]
[[[[5, 68, 84, 205, 288]], [[22, 163, 241, 302, 347]], []], [[[2, 98, 206, 220, 293]], [], [[1, 45, 171, 261]]], [[], [[16, 121, 207, 284, 349]], [[26, 141, 192, 342]]], [[[6, 146, 156, 229, 256], [14, 65, 166, 230, 305]], [[377, 397, 414, 430, 450]], []], [[], [[34, 126, 234, 288, 334], [54, 79, 243, 304, 367]], [[5, 173, 318, 357]]], [[[18, 95, 137, 186, 221], [48, 60, 108, 188, 212]], [], [[151, 252, 312, 349]]], [[[10, 70, 106, 164, 257]], [[28, 192, 268, 286, 351]], [[3, 122, 329, 360]]], [[[51, 75, 223, 281, 286]], [[27, 116, 290, 328, 371], [12, 70, 316, 334, 355]], []], [[[20, 121, 131, 171, 218]], [], [[57, 116, 327, 351], [28, 173, 248, 272]]], [[], [[35, 183, 299, 325, 353]], [[30, 205, 312, 365], [90, 198, 253, 342]]]]

5558 3425.0 √
[5, 5, 8] [7, 3, 6]
[[[[0, 1, 3, 2, 4]], [[1, 0, 2, 3, 4]], []], [[[0, 1, 2, 4, 3]], [], [[0, 2, 4, 1]]], [[], [[1, 0, 2, 3, 4]], [[0, 4, 2, 1]]], [[[0, 2, 1, 3, 4], [0, 1, 2, 3, 4]], [[1, 0, 2, 3, 4]], []], [[], [[1, 0, 2, 3, 4], [0, 1, 2, 3, 4]], [[0, 2, 4, 1]]], [[[0, 2, 1, 4, 3], [0, 1, 2, 4, 3]], [], [[0, 2, 4, 1]]], [[[0, 1, 2, 3, 4]], [[1, 0, 2, 3, 4]], [[0, 2, 4, 1]]], [[[0, 1, 2, 3, 4]], [[1, 0, 2, 3, 4], [0, 2, 1, 3, 4]], []], [[[0, 2, 1, 3, 4]], [], [[0, 2, 4, 1], [0, 1, 2, 4]]], [[], [[1, 0, 2, 3, 4]], [[0, 4, 2, 1], [0, 2, 1, 4]]]]
[[[[0, 2, 0, 0, 1]], [[0, 0, 1, 2, 1]], []], [[[0, 0, 0, 1, 2]], [], [[1, 1, 1, 0]]], [[], [[0, 0, 2, 2, 1]], [[1, 1, 2, 0]]], [[[2, 2, 2, 2, 1], [2, 1, 1, 0, 1]], [[2, 0, 2, 2, 1]], []], [[], [[0, 0, 2, 2, 1], [2, 2, 2, 2, 1]], [[1, 1, 1, 1]]], [[[2, 2, 0, 1, 0], [0, 1, 1, 1, 0]], [], [[2, 2, 1, 0]]], [[[1, 1, 1, 1, 1]], [[2, 0, 2, 2, 1]], [[1, 1, 1, 2]]], [[[2, 1, 2, 2, 1]], [[2, 0, 0, 0, 1], [1, 0, 0, 2, 1]], []], [[[1, 1, 2, 2, 1]], [], [[0, 0, 1, 0], [1, 0, 0, 1]]], [[], [[2, 0, 0, 2, 1]], [[1, 1, 2, 2], [2, 2, 2, 1]]]]
[[[[0, 1, 1, 0, 2]], [[1, 0, 2, 0, 0]], []], [[[0, 1, 0, 0, 0]], [], [[0, 2, 2, 1]]], [[], [[1, 0, 1, 0, 0]], [[0, 0, 1, 1]]], [[[0, 1, 1, 0, 2], [0, 1, 2, 1, 2]], [[1, 0, 1, 0, 2]], []], [[], [[1, 0, 1, 0, 2], [0, 1, 1, 0, 2]], [[0, 2, 2, 1]]], [[[0, 1, 1, 0, 1], [0, 1, 2, 0, 1]], [], [[0, 1, 2, 1]]], [[[0, 1, 2, 1, 0]], [[1, 0, 1, 0, 0]], [[0, 2, 2, 1]]], [[[0, 1, 1, 0, 0]], [[1, 0, 0, 1, 2], [0, 0, 1, 0, 0]], []], [[[0, 2, 1, 0, 0]], [], [[0, 0, 2, 1], [0, 1, 0, 0]]], [[], [[1, 0, 0, 0, 0]], [[0, 0, 1, 1], [0, 1, 1, 2]]]]
[[[[8, 66, 78, 204, 299]], [[25, 144, 236, 266, 353]], []], [[[5, 92, 205, 210, 249]], [], [[10, 51, 225, 256]]], [[], [[19, 186, 203, 264, 357]], [[35, 122, 184, 354]]], [[[2, 130, 140, 161, 251], [6, 72, 164, 229, 300]], [[323, 373, 390, 406, 426]], []], [[], [[31, 110, 211, 235, 386], [46, 77, 219, 314, 411]], [[14, 153, 336, 367]]], [[[10, 103, 126, 177, 220], [45, 62, 105, 179, 211]], [], [[238, 274, 309, 336]]], [[[4, 77, 103, 136, 263]], [[298, 326, 343, 359, 399]], [[12, 92, 330, 366]]], [[[54, 67, 176, 255, 267]], [[19, 115, 286, 311, 415], [21, 64, 170, 244, 351]], []], [[[29, 107, 115, 155, 202]], [], [[51, 274, 315, 345], [37, 154, 247, 277]]], [[], [[27, 191, 295, 316, 355]], [[39, 189, 279, 374], [91, 189, 286, 324]]]]

5000 3764.2999999999997 √
[5, 5, 2] [7, 3, 6]
[[[[0, 1, 3, 2, 4]], [[1, 0, 2, 3, 4]], []], [[[0, 1, 2, 4, 3]], [], [[0, 2, 4, 1]]], [[], [[1, 0, 2, 3, 4]], [[0, 4, 1, 2]]], [[[0, 2, 1, 3, 4], [0, 1, 2, 3, 4]], [[1, 0, 2, 3, 4]], []], [[], [[1, 0, 2, 3, 4], [0, 1, 2, 3, 4]], [[0, 2, 1, 4]]], [[[0, 2, 1, 4, 3], [0, 1, 2, 4, 3]], [], [[0, 2, 4, 1]]], [[[0, 1, 3, 2, 4]], [[1, 0, 2, 3, 4]], [[0, 4, 2, 1]]], [[[0, 1, 3, 2, 4]], [[1, 0, 2, 3, 4], [0, 2, 1, 3, 4]], []], [[[0, 2, 1, 3, 4]], [], [[0, 4, 2, 1], [0, 1, 2, 4]]], [[], [[1, 0, 2, 3, 4]], [[0, 4, 2, 1], [0, 4, 1, 2]]]]
[[[[0, 2, 0, 0, 1]], [[0, 0, 1, 2, 1]], []], [[[2, 0, 0, 1, 2]], [], [[1, 1, 1, 0]]], [[], [[0, 0, 2, 2, 1]], [[1, 1, 2, 0]]], [[[2, 2, 2, 2, 1], [2, 1, 1, 0, 1]], [[2, 0, 2, 2, 1]], []], [[], [[0, 0, 2, 2, 1], [2, 2, 2, 2, 1]], [[1, 1, 0, 1]]], [[[2, 2, 0, 1, 0], [0, 1, 1, 1, 0]], [], [[0, 0, 1, 2]]], [[[1, 1, 2, 1, 1]], [[0, 0, 2, 2, 1]], [[1, 1, 1, 2]]], [[[0, 1, 2, 0, 1]], [[2, 0, 0, 0, 1], [1, 0, 0, 2, 1]], []], [[[1, 2, 2, 2, 1]], [], [[0, 1, 1, 0], [1, 0, 0, 1]]], [[], [[2, 2, 0, 2, 1]], [[1, 1, 2, 2], [1, 1, 2, 2]]]]
[[[[0, 1, 1, 0, 2]], [[1, 0, 2, 0, 0]], []], [[[0, 1, 0, 0, 0]], [], [[0, 2, 2, 1]]], [[], [[1, 0, 1, 0, 0]], [[0, 0, 1, 0]]], [[[0, 1, 1, 0, 2], [0, 1, 2, 1, 2]], [[1, 0, 1, 0, 2]], []], [[], [[1, 0, 1, 0, 2], [0, 1, 1, 0, 2]], [[0, 2, 1, 2]]], [[[0, 1, 1, 0, 1], [0, 1, 2, 0, 1]], [], [[0, 0, 2, 1]]], [[[0, 1, 0, 2, 2]], [[1, 0, 1, 0, 0]], [[0, 2, 2, 1]]], [[[0, 1, 0, 0, 0]], [[1, 0, 0, 1, 2], [0, 0, 1, 0, 0]], []], [[[0, 1, 1, 0, 0]], [], [[0, 2, 2, 1], [0, 1, 0, 0]]], [[], [[1, 0, 0, 0, 0]], [[0, 0, 1, 1], [0, 0, 1, 1]]]]
[[[[42, 64, 91, 193, 253]], [[13, 175, 236, 271, 332]], []], [[[2, 105, 194, 200, 282]], [], [[205, 217, 225, 272]]], [[], [[7, 128, 203, 273, 334]], [[33, 125, 188, 344]]], [[[6, 142, 152, 225, 251], [10, 60, 150, 218, 297]], [[331, 372, 389, 405, 425]], []], [[], [[19, 133, 239, 277, 370], [50, 75, 247, 291, 374]], [[12, 155, 326, 361]]], [[[14, 91, 144, 168, 209], [39, 50, 98, 170, 200]], [], [[243, 254, 310, 351]]], [[[4, 65, 102, 148, 252]], [[25, 180, 255, 275, 346]], [[10, 106, 321, 359]]], [[[45, 55, 219, 266, 280]], [[23, 123, 292, 317, 378], [19, 64, 81, 322, 342]], []], [[[27, 117, 127, 167, 202]], [], [[51, 304, 319, 353], [35, 156, 236, 267]]], [[], [[31, 179, 301, 324, 344]], [[37, 187, 299, 367], [80, 180, 306, 344]]]]

5109 3488.1000000000004 √
[5, 5, 2] [7, 3, 6]
[[[[0, 1, 3, 2, 4]], [[1, 0, 2, 3, 4]], []], [[[0, 1, 2, 4, 3]], [], [[0, 4, 2, 1]]], [[], [[1, 0, 2, 3, 4]], [[0, 4, 1, 2]]], [[[0, 2, 1, 3, 4], [0, 1, 2, 3, 4]], [[1, 0, 2, 3, 4]], []], [[], [[1, 0, 2, 3, 4], [0, 1, 2, 3, 4]], [[0, 2, 4, 1]]], [[[0, 2, 1, 4, 3], [0, 1, 2, 4, 3]], [], [[0, 2, 4, 1]]], [[[0, 1, 3, 2, 4]], [[1, 0, 2, 3, 4]], [[0, 4, 2, 1]]], [[[0, 1, 3, 2, 4]], [[1, 0, 2, 3, 4], [0, 2, 1, 3, 4]], []], [[[0, 2, 1, 3, 4]], [], [[0, 4, 2, 1], [0, 1, 2, 4]]], [[], [[1, 0, 2, 3, 4]], [[0, 4, 2, 1], [0, 4, 1, 2]]]]
[[[[0, 2, 0, 0, 1]], [[0, 0, 1, 2, 1]], []], [[[2, 0, 0, 1, 2]], [], [[1, 1, 1, 0]]], [[], [[0, 0, 2, 2, 1]], [[1, 1, 2, 2]]], [[[2, 2, 2, 2, 1], [2, 1, 1, 0, 1]], [[2, 2, 2, 2, 1]], []], [[], [[0, 0, 1, 2, 1], [2, 2, 2, 2, 1]], [[1, 1, 1, 2]]], [[[2, 2, 0, 1, 0], [0, 1, 1, 1, 0]], [], [[0, 0, 1, 2]]], [[[2, 1, 2, 1, 1]], [[0, 0, 2, 2, 1]], [[1, 1, 1, 0]]], [[[0, 1, 2, 0, 1]], [[2, 0, 0, 0, 1], [1, 0, 0, 2, 1]], []], [[[1, 2, 2, 2, 1]], [], [[0, 1, 1, 0], [1, 0, 0, 1]]], [[], [[2, 2, 0, 2, 1]], [[1, 1, 2, 2], [1, 1, 2, 0]]]]
[[[[0, 1, 1, 0, 0]], [[1, 0, 2, 0, 0]], []], [[[0, 1, 0, 0, 0]], [], [[0, 2, 2, 1]]], [[], [[1, 0, 1, 0, 0]], [[0, 0, 1, 1]]], [[[0, 1, 1, 0, 2], [0, 1, 2, 1, 2]], [[1, 0, 1, 0, 2]], []], [[], [[1, 0, 2, 0, 0], [0, 1, 1, 0, 2]], [[0, 2, 2, 1]]], [[[0, 1, 1, 0, 1], [0, 1, 2, 0, 1]], [], [[0, 0, 2, 1]]], [[[0, 1, 0, 2, 2]], [[1, 0, 1, 0, 0]], [[0, 2, 2, 1]]], [[[0, 1, 0, 0, 0]], [[1, 0, 0, 1, 2], [0, 0, 1, 0, 0]], []], [[[0, 1, 1, 0, 0]], [], [[0, 2, 2, 1], [0, 1, 0, 0]]], [[], [[1, 0, 0, 0, 0]], [[0, 0, 1, 1], [0, 0, 1, 0]]]]
[[[[5, 68, 84, 205, 288]], [[22, 163, 241, 302, 342]], []], [[[2, 98, 206, 220, 293]], [], [[1, 45, 171, 261]]], [[], [[16, 121, 207, 284, 344]], [[26, 141, 192, 347]]], [[[6, 146, 156, 229, 256], [14, 65, 166, 230, 305]], [[321, 389, 403, 419, 439]], []], [[], [[34, 126, 234, 288, 340], [54, 79, 243, 304, 371]], [[5, 173, 318, 362]]], [[[18, 95, 137, 186, 221], [48, 60, 108, 188, 212]], [], [[151, 252, 312, 354]]], [[[10, 70, 106, 164, 257]], [[28, 192, 268, 286, 346]], [[3, 122, 329, 360]]], [[[51, 75, 223, 281, 286]], [[27, 116, 290, 328, 375], [12, 70, 316, 339, 359]], []], [[[20, 121, 131, 171, 218]], [], [[57, 116, 327, 351], [28, 173, 248, 272]]], [[], [[35, 183, 299, 337, 357]], [[30, 205, 312, 370], [90, 198, 253, 342]]]]

5083 3505.4999999999995 √
[5, 5, 2] [7, 3, 6]
[[[[0, 1, 3, 2, 4]], [[1, 0, 2, 3, 4]], []], [[[0, 1, 2, 4, 3]], [], [[0, 4, 2, 1]]], [[], [[1, 0, 2, 3, 4]], [[0, 4, 1, 2]]], [[[0, 2, 1, 3, 4], [0, 1, 2, 3, 4]], [[1, 0, 2, 3, 4]], []], [[], [[1, 0, 2, 3, 4], [0, 1, 2, 3, 4]], [[0, 2, 4, 1]]], [[[0, 2, 1, 4, 3], [0, 1, 2, 4, 3]], [], [[0, 2, 4, 1]]], [[[0, 1, 3, 2, 4]], [[1, 0, 2, 3, 4]], [[0, 4, 2, 1]]], [[[0, 1, 3, 2, 4]], [[1, 0, 2, 3, 4], [0, 2, 1, 3, 4]], []], [[[0, 2, 1, 3, 4]], [], [[0, 4, 2, 1], [0, 1, 2, 4]]], [[], [[1, 0, 2, 3, 4]], [[0, 4, 2, 1], [0, 4, 1, 2]]]]
[[[[0, 2, 0, 0, 1]], [[0, 0, 1, 2, 1]], []], [[[2, 0, 0, 1, 2]], [], [[1, 1, 1, 0]]], [[], [[0, 0, 2, 2, 1]], [[1, 1, 2, 2]]], [[[2, 2, 2, 2, 1], [2, 1, 1, 0, 1]], [[2, 0, 2, 2, 1]], []], [[], [[0, 0, 1, 2, 1], [2, 2, 2, 2, 1]], [[1, 1, 1, 2]]], [[[2, 2, 0, 1, 0], [0, 1, 1, 1, 0]], [], [[0, 0, 1, 2]]], [[[2, 1, 2, 1, 1]], [[0, 0, 2, 2, 1]], [[1, 1, 1, 0]]], [[[0, 1, 2, 0, 1]], [[2, 0, 0, 0, 1], [1, 0, 0, 2, 1]], []], [[[1, 2, 2, 2, 1]], [], [[0, 1, 1, 0], [1, 0, 0, 1]]], [[], [[2, 2, 0, 2, 1]], [[1, 1, 2, 2], [1, 1, 2, 0]]]]
[[[[0, 1, 1, 0, 0]], [[1, 0, 2, 0, 0]], []], [[[0, 1, 0, 0, 0]], [], [[0, 2, 2, 1]]], [[], [[1, 0, 1, 0, 0]], [[0, 0, 1, 1]]], [[[0, 1, 1, 0, 2], [0, 1, 2, 1, 2]], [[1, 0, 1, 0, 2]], []], [[], [[1, 0, 2, 0, 2], [0, 1, 1, 0, 2]], [[0, 2, 2, 1]]], [[[0, 1, 1, 0, 1], [0, 1, 2, 0, 1]], [], [[0, 0, 2, 1]]], [[[0, 1, 0, 2, 2]], [[1, 0, 1, 0, 0]], [[0, 2, 2, 1]]], [[[0, 1, 0, 0, 0]], [[1, 0, 0, 1, 2], [0, 0, 1, 0, 0]], []], [[[0, 1, 1, 0, 0]], [], [[0, 2, 2, 1], [0, 1, 0, 0]]], [[], [[1, 0, 0, 0, 0]], [[0, 0, 1, 1], [0, 0, 1, 0]]]]
[[[[5, 70, 84, 205, 288]], [[22, 163, 241, 304, 347]], []], [[[2, 98, 206, 220, 295]], [], [[1, 45, 171, 261]]], [[], [[16, 121, 209, 286, 349]], [[26, 141, 194, 342]]], [[[6, 148, 158, 231, 256], [46, 65, 166, 230, 305]], [[377, 397, 414, 430, 450]], []], [[], [[34, 126, 234, 290, 334], [56, 81, 245, 306, 367]], [[5, 173, 318, 357]]], [[[14, 97, 137, 186, 221], [48, 60, 108, 188, 212]], [], [[151, 252, 312, 349]]], [[[10, 70, 108, 164, 257]], [[28, 192, 270, 288, 351]], [[3, 122, 329, 360]]], [[[51, 75, 225, 281, 286]], [[23, 116, 290, 328, 371], [12, 70, 316, 334, 355]], []], [[[20, 123, 133, 173, 218]], [], [[57, 116, 327, 351], [28, 173, 248, 272]]], [[], [[31, 185, 299, 327, 353]], [[30, 205, 314, 365], [90, 198, 255, 342]]]]

651.03125