3730 2401.4
[5, 5, 5] [7, 2, 5]
[[[[0, 1, 3, 2, 4]], [[1, 0, 2, 3, 4]], []], [[[0, 1, 2, 3, 4]], [], [[0, 4, 1, 2]]], [[], [[0, 1, 2, 3, 4]], [[0, 1, 2, 4]]], [[[0, 2, 1, 3, 4], [0, 1, 2, 4, 3]], [[0, 2, 1, 3, 4]], []], [[], [[0, 1, 2, 3, 4], [1, 0, 2, 3, 4]], [[0, 4, 2, 1]]], [[[0, 1, 2, 4, 3], [0, 1, 2, 3, 4]], [], [[0, 1, 2, 4]]], [[[0, 2, 1, 3, 4]], [[1, 0, 2, 3, 4]], [[0, 4, 1, 2]]], [[[0, 2, 1, 4, 3]], [[0, 1, 2, 3, 4], [1, 0, 2, 3, 4]], []], [[[0, 2, 1, 3, 4]], [], [[0, 2, 1, 4], [0, 1, 2, 4]]], [[], [[1, 0, 2, 3, 4]], [[0, 4, 2, 1], [0, 4, 1, 2]]]]
[[[[0, 1, 2, 2, 1]], [[2, 0, 0, 0, 1]], []], [[[2, 2, 0, 0, 1]], [], [[2, 1, 1, 2]]], [[], [[1, 0, 0, 0, 1]], [[1, 1, 1, 1]]], [[[0, 0, 0, 1, 1], [2, 2, 2, 1, 2]], [[2, 0, 0, 0, 1]], []], [[], [[1, 1, 1, 1, 1], [2, 0, 0, 0, 1]], [[2, 1, 0, 2]]], [[[2, 2, 0, 1, 2], [2, 0, 0, 0, 1]], [], [[2, 2, 2, 1]]], [[[2, 0, 1, 1, 1]], [[0, 0, 2, 0, 1]], [[1, 1, 2, 0]]], [[[0, 1, 1, 1, 2]], [[0, 0, 2, 2, 1], [2, 0, 0, 2, 1]], []], [[[2, 2, 2, 1, 1]], [], [[2, 2, 2, 1], [0, 0, 2, 1]]], [[], [[2, 0, 2, 0, 1]], [[1, 1, 2, 2], [1, 1, 0, 0]]]]
[[[[0, 1, 0, 1, 2]], [[1, 0, 0, 1, 0]], []], [[[0, 1, 0, 1, 2]], [], [[0, 0, 1, 1]]], [[], [[0, 1, 0, 1, 0]], [[0, 1, 2, 0]]], [[[0, 0, 1, 1, 0], [0, 1, 1, 2, 0]], [[0, 0, 1, 1, 0]], []], [[], [[0, 1, 2, 1, 0], [1, 0, 0, 1, 0]], [[0, 0, 0, 1]]], [[[0, 1, 0, 2, 0], [0, 1, 0, 1, 2]], [], [[0, 1, 1, 0]]], [[[0, 0, 1, 1, 0]], [[1, 0, 1, 1, 0]], [[0, 0, 1, 0]]], [[[0, 2, 1, 0, 0]], [[0, 1, 1, 0, 0], [1, 0, 0, 0, 0]], []], [[[0, 1, 1, 1, 0]], [], [[0, 1, 1, 0], [0, 1, 1, 0]]], [[], [[1, 0, 1, 1, 0]], [[0, 0, 1, 1], [0, 0, 1, 0]]]]
[[[[5, 61, 69, 194, 208]], [[129, 143, 262, 320, 340]], []], [[[2, 26, 65, 186, 209]], [], [[221, 243, 317, 344]]], [[], [[155, 176, 271, 325, 345]], [[1, 69, 198, 280]]], [[[8, 66, 73, 86, 165], [6, 144, 191, 210, 236]], [[44, 109, 211, 223, 261]], []], [[], [[8, 27, 130, 176, 263], [105, 125, 253, 287, 307]], [[218, 273, 344, 358]]], [[[10, 151, 161, 212, 264], [14, 81, 100, 195, 211]], [], [[224, 321, 334, 360]]], [[[52, 64, 104, 181, 293]], [[19, 148, 311, 330, 350]], [[13, 236, 280, 352]]], [[[33, 50, 99, 148, 230]], [[43, 170, 204, 275, 301], [113, 130, 244, 273, 303]], []], [[[56, 84, 94, 111, 295]], [], [[61, 178, 296, 367], [51, 296, 339, 374]]], [[], [[121, 135, 165, 228, 305]], [[219, 229, 251, 288], [15, 250, 305, 348]]]]

3635 2422.3
[5, 5, 5] [7, 2, 5]
[[[[0, 1, 3, 2, 4]], [[1, 0, 2, 3, 4]], []], [[[0, 1, 2, 3, 4]], [], [[0, 4, 1, 2]]], [[], [[0, 1, 2, 3, 4]], [[0, 1, 2, 4]]], [[[0, 2, 1, 3, 4], [0, 1, 2, 4, 3]], [[0, 2, 1, 3, 4]], []], [[], [[0, 1, 2, 3, 4], [1, 0, 2, 3, 4]], [[0, 4, 2, 1]]], [[[0, 1, 2, 4, 3], [0, 1, 2, 3, 4]], [], [[0, 1, 2, 4]]], [[[0, 2, 1, 3, 4]], [[1, 0, 2, 3, 4]], [[0, 4, 1, 2]]], [[[0, 2, 1, 4, 3]], [[0, 1, 2, 3, 4], [1, 0, 2, 3, 4]], []], [[[0, 1, 3, 2, 4]], [], [[0, 2, 1, 4], [0, 1, 2, 4]]], [[], [[1, 0, 2, 3, 4]], [[0, 4, 2, 1], [0, 4, 1, 2]]]]
[[[[1, 1, 2, 2, 1]], [[2, 0, 0, 0, 1]], []], [[[2, 2, 0, 0, 1]], [], [[2, 1, 1, 0]]], [[], [[1, 0, 0, 0, 1]], [[1, 1, 1, 1]]], [[[0, 0, 0, 1, 1], [2, 2, 2, 1, 2]], [[2, 0, 0, 0, 1]], []], [[], [[1, 1, 1, 1, 1], [2, 0, 0, 0, 1]], [[2, 1, 2, 2]]], [[[2, 2, 0, 1, 2], [2, 0, 0, 0, 1]], [], [[2, 2, 2, 1]]], [[[2, 0, 1, 1, 1]], [[0, 0, 2, 0, 1]], [[1, 1, 2, 0]]], [[[0, 1, 1, 1, 2]], [[0, 0, 2, 2, 1], [2, 0, 0, 2, 1]], []], [[[2, 2, 2, 1, 1]], [], [[2, 2, 2, 1], [0, 0, 2, 1]]], [[], [[2, 0, 2, 0, 1]], [[1, 1, 2, 2], [1, 1, 0, 0]]]]
[[[[0, 1, 0, 1, 2]], [[1, 0, 0, 1, 0]], []], [[[0, 1, 0, 1, 2]], [], [[0, 0, 1, 0]]], [[], [[0, 1, 0, 1, 0]], [[0, 1, 2, 0]]], [[[0, 0, 1, 1, 0], [0, 1, 1, 2, 0]], [[0, 0, 1, 1, 0]], []], [[], [[0, 1, 2, 1, 0], [1, 0, 0, 1, 0]], [[0, 0, 1, 1]]], [[[0, 1, 0, 2, 0], [0, 1, 0, 1, 2]], [], [[0, 1, 1, 0]]], [[[0, 0, 1, 1, 0]], [[1, 0, 1, 1, 0]], [[0, 0, 1, 0]]], [[[0, 2, 1, 0, 0]], [[0, 1, 1, 0, 0], [1, 0, 0, 0, 0]], []], [[[0, 1, 0, 2, 0]], [], [[0, 1, 1, 0], [0, 1, 1, 0]]], [[], [[1, 0, 1, 1, 0]], [[0, 0, 1, 1], [0, 0, 1, 0]]]]
[[[[7, 74, 89, 195, 202]], [[130, 145, 258, 316, 336]], []], [[[2, 26, 56, 182, 203]], [], [[222, 240, 314, 348]]], [[], [[17, 88, 267, 321, 341]], [[1, 157, 192, 277]]], [[[8, 57, 65, 81, 147], [6, 145, 192, 204, 264]], [[50, 105, 207, 219, 258]], []], [[], [[21, 40, 127, 170, 260], [106, 130, 249, 283, 304]], [[219, 270, 344, 351]]], [[[10, 152, 163, 206, 258], [14, 73, 122, 191, 205]], [], [[225, 321, 334, 356]]], [[[40, 58, 99, 175, 290]], [[19, 150, 311, 326, 346]], [[26, 230, 280, 352]]], [[[5, 63, 94, 145, 231]], [[35, 172, 205, 275, 298], [114, 135, 240, 273, 300]], []], [[[58, 74, 95, 120, 292]], [], [[63, 179, 296, 363], [43, 292, 339, 370]]], [[], [[122, 140, 166, 224, 302]], [[213, 223, 245, 288], [28, 247, 301, 340]]]]

3842 2322.9
[5, 5, 5] [7, 2, 5]
[[[[0, 1, 3, 2, 4]], [[1, 0, 2, 3, 4]], []], [[[0, 1, 2, 3, 4]], [], [[0, 4, 1, 2]]], [[], [[0, 1, 2, 3, 4]], [[0, 1, 2, 4]]], [[[0, 2, 1, 3, 4], [0, 1, 2, 4, 3]], [[0, 2, 1, 3, 4]], []], [[], [[0, 1, 2, 3, 4], [1, 0, 2, 3, 4]], [[0, 4, 2, 1]]], [[[0, 1, 2, 4, 3], [0, 1, 2, 3, 4]], [], [[0, 1, 2, 4]]], [[[0, 2, 1, 3, 4]], [[1, 0, 2, 3, 4]], [[0, 4, 1, 2]]], [[[0, 2, 1, 4, 3]], [[0, 1, 2, 3, 4], [1, 0, 2, 3, 4]], []], [[[0, 2, 1, 3, 4]], [], [[0, 2, 1, 4], [0, 1, 2, 4]]], [[], [[1, 0, 2, 3, 4]], [[0, 4, 2, 1], [0, 4, 1, 2]]]]
[[[[0, 1, 2, 2, 1]], [[2, 0, 0, 0, 1]], []], [[[2, 2, 0, 0, 1]], [], [[2, 1, 1, 2]]], [[], [[1, 0, 0, 0, 1]], [[1, 1, 1, 1]]], [[[0, 0, 0, 1, 1], [2, 2, 2, 1, 2]], [[2, 0, 0, 0, 1]], []], [[], [[1, 1, 1, 1, 1], [2, 0, 0, 0, 1]], [[2, 1, 2, 2]]], [[[2, 2, 0, 1, 2], [2, 0, 0, 0, 1]], [], [[2, 2, 2, 1]]], [[[2, 0, 1, 1, 1]], [[0, 0, 2, 0, 1]], [[1, 1, 2, 0]]], [[[2, 1, 1, 1, 2]], [[0, 0, 2, 2, 1], [2, 0, 0, 2, 1]], []], [[[2, 2, 2, 1, 1]], [], [[2, 2, 2, 1], [0, 0, 2, 1]]], [[], [[2, 0, 2, 0, 1]], [[1, 1, 2, 2], [1, 1, 0, 0]]]]
[[[[0, 1, 0, 1, 2]], [[1, 0, 0, 1, 0]], []], [[[0, 1, 0, 1, 2]], [], [[0, 0, 1, 1]]], [[], [[0, 1, 0, 1, 0]], [[0, 1, 2, 0]]], [[[0, 0, 1, 1, 0], [0, 1, 1, 2, 0]], [[0, 0, 1, 1, 0]], []], [[], [[0, 1, 2, 1, 0], [1, 0, 0, 1, 0]], [[0, 0, 1, 1]]], [[[0, 1, 0, 2, 0], [0, 1, 0, 1, 2]], [], [[0, 1, 1, 0]]], [[[0, 0, 1, 1, 0]], [[1, 0, 1, 1, 0]], [[0, 0, 1, 0]]], [[[0, 2, 1, 0, 0]], [[0, 1, 1, 0, 0], [1, 0, 0, 0, 0]], []], [[[0, 1, 1, 1, 0]], [], [[0, 1, 1, 0], [0, 1, 1, 0]]], [[], [[1, 0, 1, 1, 0]], [[0, 0, 1, 1], [0, 0, 1, 0]]]]
[[[[5, 61, 73, 198, 206]], [[133, 147, 275, 324, 344]], []], [[[2, 26, 56, 190, 207]], [], [[225, 245, 321, 345]]], [[], [[153, 174, 248, 329, 349]], [[1, 69, 196, 282]]], [[[8, 57, 71, 84, 163], [6, 148, 195, 208, 240]], [[50, 107, 215, 227, 263]], []], [[], [[8, 27, 128, 174, 265], [109, 123, 266, 291, 311]], [[222, 275, 350, 357]]], [[[10, 155, 165, 214, 246], [14, 79, 98, 199, 213]], [], [[228, 304, 332, 364]]], [[[58, 64, 102, 179, 295]], [[19, 152, 319, 334, 354]], [[13, 231, 280, 352]]], [[[40, 50, 97, 146, 234]], [[35, 180, 208, 275, 303], [117, 131, 257, 273, 305]], []], [[[62, 88, 98, 109, 297]], [], [[67, 182, 296, 371], [43, 300, 337, 378]]], [[], [[125, 139, 169, 232, 307]], [[221, 238, 260, 288], [15, 252, 309, 348]]]]

3760 2379.0
[5, 5, 5] [7, 2, 5]
[[[[0, 1, 3, 2, 4]], [[1, 0, 2, 3, 4]], []], [[[0, 1, 2, 3, 4]], [], [[0, 4, 1, 2]]], [[], [[0, 1, 2, 3, 4]], [[0, 1, 2, 4]]], [[[0, 2, 1, 3, 4], [0, 1, 2, 4, 3]], [[0, 2, 1, 3, 4]], []], [[], [[0, 1, 2, 3, 4], [1, 0, 2, 3, 4]], [[0, 4, 2, 1]]], [[[0, 1, 2, 4, 3], [0, 1, 2, 3, 4]], [], [[0, 1, 2, 4]]], [[[0, 2, 1, 3, 4]], [[1, 0, 2, 3, 4]], [[0, 4, 1, 2]]], [[[0, 2, 1, 4, 3]], [[0, 1, 2, 3, 4], [1, 0, 2, 3, 4]], []], [[[0, 2, 1, 3, 4]], [], [[0, 2, 1, 4], [0, 1, 2, 4]]], [[], [[1, 0, 2, 3, 4]], [[0, 4, 2, 1], [0, 4, 1, 2]]]]
[[[[0, 1, 2, 2, 1]], [[2, 0, 0, 0, 1]], []], [[[2, 2, 0, 0, 1]], [], [[1, 1, 1, 2]]], [[], [[1, 0, 0, 0, 1]], [[1, 1, 1, 1]]], [[[0, 0, 0, 1, 1], [2, 2, 2, 1, 2]], [[2, 0, 0, 0, 1]], []], [[], [[1, 1, 1, 1, 1], [2, 0, 0, 0, 1]], [[2, 1, 0, 2]]], [[[2, 2, 0, 1, 2], [2, 0, 0, 0, 1]], [], [[2, 2, 2, 1]]], [[[2, 0, 1, 1, 1]], [[0, 0, 2, 0, 1]], [[1, 1, 2, 0]]], [[[0, 1, 1, 1, 2]], [[0, 0, 2, 2, 1], [2, 0, 0, 2, 1]], []], [[[2, 2, 2, 1, 1]], [], [[2, 2, 2, 1], [0, 0, 2, 1]]], [[], [[2, 0, 2, 0, 1]], [[1, 1, 2, 2], [1, 1, 0, 0]]]]
[[[[0, 1, 0, 1, 2]], [[1, 0, 0, 1, 0]], []], [[[0, 1, 0, 1, 2]], [], [[0, 0, 1, 1]]], [[], [[0, 1, 0, 1, 0]], [[0, 1, 2, 0]]], [[[0, 0, 1, 1, 0], [0, 1, 1, 2, 0]], [[0, 0, 1, 1, 0]], []], [[], [[0, 1, 2, 1, 0], [1, 0, 0, 1, 0]], [[0, 0, 0, 1]]], [[[0, 1, 0, 2, 0], [0, 1, 0, 1, 2]], [], [[0, 1, 1, 0]]], [[[0, 0, 1, 1, 0]], [[1, 0, 1, 1, 0]], [[0, 0, 1, 0]]], [[[0, 2, 1, 0, 0]], [[0, 1, 1, 0, 0], [1, 0, 0, 0, 0]], []], [[[0, 1, 1, 1, 0]], [], [[0, 1, 1, 0], [0, 1, 1, 0]]], [[], [[1, 0, 1, 1, 0]], [[0, 0, 1, 1], [0, 0, 1, 0]]]]
[[[[5, 61, 69, 194, 208]], [[129, 143, 262, 320, 341]], []], [[[2, 26, 65, 186, 209]], [], [[221, 245, 319, 346]]], [[], [[155, 176, 271, 325, 345]], [[1, 69, 198, 282]]], [[[8, 66, 73, 86, 165], [6, 144, 191, 210, 233]], [[44, 109, 211, 223, 263]], []], [[], [[8, 27, 130, 176, 265], [105, 125, 253, 287, 309]], [[218, 275, 344, 358]]], [[[10, 151, 161, 212, 266], [14, 81, 100, 195, 211]], [], [[221, 323, 336, 360]]], [[[52, 64, 104, 181, 295]], [[19, 148, 313, 330, 350]], [[13, 238, 282, 352]]], [[[33, 50, 99, 148, 227]], [[43, 170, 204, 277, 303], [113, 130, 244, 275, 305]], []], [[[56, 84, 94, 111, 297]], [], [[61, 178, 298, 367], [51, 296, 341, 374]]], [[], [[121, 135, 165, 228, 307]], [[219, 231, 253, 290], [15, 252, 305, 348]]]]

3951 2219.7
[5, 5, 5] [7, 2, 5]
[[[[0, 1, 3, 2, 4]], [[1, 0, 2, 3, 4]], []], [[[0, 1, 2, 3, 4]], [], [[0, 4, 1, 2]]], [[], [[0, 1, 2, 3, 4]], [[0, 1, 2, 4]]], [[[0, 2, 1, 3, 4], [0, 1, 2, 4, 3]], [[0, 2, 1, 3, 4]], []], [[], [[0, 1, 2, 3, 4], [1, 0, 2, 3, 4]], [[0, 4, 2, 1]]], [[[0, 1, 2, 4, 3], [0, 1, 2, 3, 4]], [], [[0, 1, 2, 4]]], [[[0, 2, 1, 3, 4]], [[1, 0, 2, 3, 4]], [[0, 4, 1, 2]]], [[[0, 2, 1, 4, 3]], [[0, 1, 2, 3, 4], [1, 0, 2, 3, 4]], []], [[[0, 2, 1, 3, 4]], [], [[0, 2, 1, 4], [0, 1, 2, 4]]], [[], [[1, 0, 2, 3, 4]], [[0, 4, 2, 1], [0, 4, 1, 2]]]]
[[[[0, 1, 2, 2, 1]], [[2, 0, 0, 0, 1]], []], [[[2, 2, 0, 0, 1]], [], [[2, 1, 1, 2]]], [[], [[1, 0, 0, 0, 1]], [[1, 1, 1, 1]]], [[[0, 0, 0, 1, 1], [2, 2, 2, 1, 2]], [[2, 0, 0, 0, 1]], []], [[], [[1, 1, 1, 1, 1], [2, 0, 0, 0, 1]], [[2, 1, 2, 2]]], [[[2, 2, 0, 1, 2], [2, 0, 0, 0, 1]], [], [[2, 2, 2, 1]]], [[[2, 0, 1, 1, 1]], [[0, 0, 2, 0, 1]], [[1, 1, 2, 0]]], [[[2, 1, 1, 1, 2]], [[0, 0, 2, 2, 1], [2, 0, 0, 2, 1]], []], [[[2, 2, 2, 1, 1]], [], [[2, 2, 2, 1], [0, 0, 2, 1]]], [[], [[2, 0, 2, 2, 1]], [[1, 1, 2, 2], [1, 1, 0, 0]]]]
[[[[0, 1, 0, 1, 2]], [[1, 0, 0, 1, 0]], []], [[[0, 1, 0, 1, 2]], [], [[0, 0, 1, 1]]], [[], [[0, 1, 0, 1, 0]], [[0, 1, 2, 0]]], [[[0, 0, 1, 1, 0], [0, 1, 1, 2, 0]], [[0, 0, 1, 1, 0]], []], [[], [[0, 1, 2, 1, 0], [1, 0, 0, 1, 0]], [[0, 0, 1, 1]]], [[[0, 1, 0, 2, 0], [0, 1, 0, 1, 2]], [], [[0, 1, 1, 0]]], [[[0, 0, 1, 1, 0]], [[1, 0, 1, 1, 0]], [[0, 0, 1, 0]]], [[[0, 2, 1, 0, 0]], [[0, 1, 1, 0, 0], [1, 0, 0, 0, 0]], []], [[[0, 1, 1, 1, 0]], [], [[0, 1, 1, 0], [0, 1, 1, 0]]], [[], [[1, 0, 1, 0, 0]], [[0, 0, 1, 1], [0, 0, 1, 0]]]]
[[[[5, 61, 73, 198, 206]], [[133, 147, 269, 318, 340]], []], [[[2, 26, 39, 189, 207]], [], [[225, 244, 318, 342]]], [[], [[153, 173, 242, 323, 343]], [[1, 69, 196, 274]]], [[[8, 40, 71, 84, 163], [6, 148, 195, 208, 248]], [[50, 107, 214, 226, 262]], []], [[], [[8, 27, 128, 174, 264], [109, 123, 260, 285, 308]], [[222, 281, 375, 382]]], [[[10, 155, 164, 213, 254], [14, 79, 98, 198, 212]], [], [[228, 310, 323, 353]]], [[[58, 64, 102, 179, 294]], [[335, 351, 362, 377, 397]], [[13, 230, 286, 366]]], [[[40, 50, 97, 146, 234]], [[18, 179, 208, 281, 302], [117, 131, 251, 279, 304]], []], [[[62, 88, 98, 109, 296]], [], [[67, 182, 302, 360], [26, 294, 328, 367]]], [[], [[125, 139, 169, 243, 306]], [[220, 237, 266, 294], [15, 251, 303, 362]]]]

3996 2207.8
[5, 5, 5] [7, 2, 5]
[[[[0, 1, 3, 2, 4]], [[1, 0, 2, 3, 4]], []], [[[0, 1, 2, 3, 4]], [], [[0, 4, 1, 2]]], [[], [[0, 1, 2, 3, 4]], [[0, 1, 2, 4]]], [[[0, 2, 1, 3, 4], [0, 1, 2, 4, 3]], [[0, 2, 1, 3, 4]], []], [[], [[0, 1, 2, 3, 4], [1, 0, 2, 3, 4]], [[0, 4, 2, 1]]], [[[0, 1, 2, 4, 3], [0, 1, 2, 3, 4]], [], [[0, 1, 2, 4]]], [[[0, 2, 1, 3, 4]], [[1, 0, 2, 3, 4]], [[0, 4, 1, 2]]], [[[0, 2, 1, 4, 3]], [[0, 1, 2, 3, 4], [1, 0, 2, 3, 4]], []], [[[0, 2, 1, 3, 4]], [], [[0, 2, 1, 4], [0, 1, 2, 4]]], [[], [[1, 0, 2, 3, 4]], [[0, 4, 2, 1], [0, 4, 1, 2]]]]
[[[[0, 0, 2, 2, 1]], [[2, 0, 0, 0, 1]], []], [[[2, 2, 0, 0, 1]], [], [[2, 1, 1, 2]]], [[], [[1, 0, 0, 0, 1]], [[1, 1, 1, 1]]], [[[0, 0, 0, 1, 1], [2, 2, 2, 1, 2]], [[2, 0, 0, 0, 1]], []], [[], [[1, 1, 1, 1, 1], [2, 0, 0, 0, 1]], [[2, 1, 2, 2]]], [[[2, 2, 0, 1, 2], [2, 0, 0, 0, 1]], [], [[2, 2, 2, 1]]], [[[2, 0, 1, 1, 1]], [[0, 0, 2, 0, 1]], [[1, 1, 2, 0]]], [[[2, 1, 1, 1, 2]], [[0, 0, 2, 2, 1], [2, 0, 0, 2, 1]], []], [[[2, 2, 2, 1, 1]], [], [[2, 2, 2, 1], [0, 0, 2, 1]]], [[], [[2, 0, 2, 2, 1]], [[1, 1, 2, 2], [1, 1, 0, 0]]]]
[[[[0, 1, 0, 1, 2]], [[1, 0, 0, 1, 0]], []], [[[0, 1, 0, 1, 2]], [], [[0, 0, 1, 1]]], [[], [[0, 1, 0, 1, 0]], [[0, 1, 2, 0]]], [[[0, 0, 1, 1, 0], [0, 1, 1, 2, 0]], [[0, 0, 1, 1, 0]], []], [[], [[0, 1, 2, 1, 0], [1, 0, 0, 1, 0]], [[0, 0, 1, 1]]], [[[0, 1, 0, 2, 0], [0, 1, 0, 1, 2]], [], [[0, 1, 1, 0]]], [[[0, 0, 1, 1, 0]], [[1, 0, 1, 1, 0]], [[0, 0, 1, 0]]], [[[0, 2, 1, 0, 0]], [[0, 1, 1, 0, 0], [1, 0, 0, 0, 0]], []], [[[0, 1, 1, 1, 0]], [], [[0, 1, 1, 0], [0, 1, 1, 0]]], [[], [[1, 0, 1, 0, 0]], [[0, 0, 1, 1], [0, 0, 1, 0]]]]
[[[[5, 47, 73, 198, 208]], [[133, 147, 270, 319, 341]], []], [[[2, 26, 39, 190, 209]], [], [[225, 245, 319, 343]]], [[], [[155, 174, 243, 324, 344]], [[1, 58, 198, 275]]], [[[8, 40, 73, 86, 165], [6, 148, 195, 210, 248]], [[50, 109, 215, 227, 263]], []], [[], [[8, 27, 130, 176, 265], [109, 125, 261, 286, 309]], [[222, 282, 376, 383]]], [[[10, 155, 164, 214, 254], [14, 81, 100, 199, 213]], [], [[228, 310, 323, 354]]], [[[58, 66, 104, 181, 295]], [[336, 352, 363, 378, 398]], [[13, 231, 286, 367]]], [[[40, 50, 99, 148, 234]], [[18, 180, 208, 281, 303], [117, 131, 252, 279, 305]], []], [[[62, 88, 98, 111, 297]], [], [[67, 182, 302, 361], [26, 295, 328, 368]]], [[], [[125, 139, 169, 243, 307]], [[221, 238, 266, 294], [15, 252, 304, 363]]]]

3730 2401.4
[5, 5, 5] [7, 2, 5]
[[[[0, 1, 3, 2, 4]], [[1, 0, 2, 3, 4]], []], [[[0, 1, 2, 3, 4]], [], [[0, 4, 1, 2]]], [[], [[0, 1, 2, 3, 4]], [[0, 1, 2, 4]]], [[[0, 2, 1, 3, 4], [0, 1, 2, 4, 3]], [[0, 2, 1, 3, 4]], []], [[], [[0, 1, 2, 3, 4], [1, 0, 2, 3, 4]], [[0, 4, 2, 1]]], [[[0, 1, 2, 4, 3], [0, 1, 2, 3, 4]], [], [[0, 1, 2, 4]]], [[[0, 2, 1, 3, 4]], [[1, 0, 2, 3, 4]], [[0, 4, 1, 2]]], [[[0, 2, 1, 4, 3]], [[0, 1, 2, 3, 4], [1, 0, 2, 3, 4]], []], [[[0, 2, 1, 3, 4]], [], [[0, 2, 1, 4], [0, 1, 2, 4]]], [[], [[1, 0, 2, 3, 4]], [[0, 4, 2, 1], [0, 4, 1, 2]]]]
[[[[0, 1, 2, 2, 1]], [[2, 0, 0, 0, 1]], []], [[[2, 2, 0, 0, 1]], [], [[2, 1, 1, 2]]], [[], [[1, 0, 0, 0, 1]], [[1, 1, 1, 1]]], [[[0, 0, 0, 1, 1], [2, 2, 2, 1, 2]], [[2, 0, 0, 0, 1]], []], [[], [[1, 1, 1, 1, 1], [2, 0, 0, 0, 1]], [[2, 1, 0, 2]]], [[[2, 2, 0, 1, 2], [2, 0, 0, 0, 1]], [], [[2, 2, 2, 1]]], [[[2, 0, 1, 1, 1]], [[0, 0, 2, 0, 1]], [[1, 1, 2, 0]]], [[[0, 1, 1, 1, 2]], [[0, 0, 2, 2, 1], [2, 0, 0, 2, 1]], []], [[[2, 2, 2, 1, 1]], [], [[2, 2, 2, 1], [0, 0, 2, 1]]], [[], [[2, 0, 2, 0, 1]], [[1, 1, 2, 2], [1, 1, 0, 0]]]]
[[[[0, 1, 0, 1, 2]], [[1, 0, 0, 1, 0]], []], [[[0, 1, 0, 1, 2]], [], [[0, 0, 1, 1]]], [[], [[0, 1, 0, 1, 0]], [[0, 1, 2, 0]]], [[[0, 0, 1, 1, 0], [0, 1, 1, 2, 0]], [[0, 0, 1, 1, 0]], []], [[], [[0, 1, 2, 1, 0], [1, 0, 0, 1, 0]], [[0, 0, 0, 1]]], [[[0, 1, 0, 2, 0], [0, 1, 0, 1, 2]], [], [[0, 1, 1, 0]]], [[[0, 0, 1, 1, 0]], [[1, 0, 1, 1, 0]], [[0, 0, 1, 0]]], [[[0, 2, 1, 0, 0]], [[0, 1, 1, 0, 0], [1, 0, 0, 0, 0]], []], [[[0, 1, 1, 1, 0]], [], [[0, 1, 1, 0], [0, 1, 1, 0]]], [[], [[1, 0, 1, 1, 0]], [[0, 0, 1, 1], [0, 0, 1, 0]]]]
[[[[5, 61, 69, 194, 208]], [[129, 143, 262, 320, 340]], []], [[[2, 26, 65, 195, 209]], [], [[221, 243, 317, 344]]], [[], [[155, 176, 271, 325, 345]], [[1, 69, 198, 280]]], [[[8, 66, 73, 86, 165], [6, 144, 191, 210, 236]], [[44, 109, 211, 223, 261]], []], [[], [[8, 27, 130, 176, 263], [105, 125, 253, 287, 307]], [[218, 273, 344, 358]]], [[[10, 151, 161, 212, 264], [14, 81, 100, 186, 211]], [], [[224, 321, 334, 360]]], [[[52, 64, 104, 181, 293]], [[19, 148, 311, 330, 350]], [[13, 236, 280, 352]]], [[[33, 50, 99, 148, 230]], [[43, 170, 204, 275, 301], [113, 130, 244, 273, 303]], []], [[[56, 84, 94, 111, 295]], [], [[61, 178, 296, 367], [51, 296, 339, 374]]], [[], [[121, 135, 165, 228, 305]], [[219, 229, 251, 288], [15, 250, 305, 348]]]]

617.921875