4128 2722.7 √
[10, 7, 7] [3, 6, 3]
[[[[0, 2, 1, 4, 3]], [[0, 1, 2, 3, 4]], []], [[[0, 1, 2, 3, 4]], [], [[0, 2, 1, 4]]], [[], [[0, 1, 2, 3, 4]], [[0, 1, 2, 4]]], [[[0, 1, 2, 4, 3], [0, 2, 1, 4, 3]], [[1, 0, 2, 3, 4]], []], [[], [[1, 0, 2, 3, 4], [0, 2, 1, 3, 4]], [[0, 1, 2, 4]]], [[[0, 2, 1, 4, 3], [0, 2, 1, 3, 4]], [], [[0, 1, 4, 2]]], [[[0, 2, 1, 4, 3]], [[1, 0, 2, 3, 4]], [[0, 1, 4, 2]]], [[[0, 2, 1, 4, 3]], [[1, 0, 2, 3, 4], [1, 0, 2, 3, 4]], []], [[[0, 2, 1, 3, 4]], [], [[0, 1, 2, 4], [0, 2, 4, 1]]], [[], [[0, 1, 2, 3, 4]], [[0, 4, 1, 2], [0, 1, 4, 2]]]]
[[[[2, 2, 1, 1, 2]], [[2, 2, 2, 2, 1]], []], [[[1, 0, 2, 2, 1]], [], [[1, 1, 0, 1]]], [[], [[0, 0, 0, 2, 1]], [[0, 0, 0, 1]]], [[[2, 2, 0, 1, 2], [1, 0, 0, 1, 2]], [[0, 0, 2, 2, 1]], []], [[], [[1, 0, 0, 0, 1], [2, 0, 0, 2, 1]], [[0, 0, 0, 1]]], [[[2, 2, 1, 1, 1], [1, 0, 2, 2, 1]], [], [[0, 0, 1, 1]]], [[[2, 2, 1, 1, 2]], [[1, 1, 2, 2, 1]], [[2, 2, 1, 1]]], [[[1, 0, 1, 1, 2]], [[0, 0, 0, 2, 1], [2, 0, 0, 1, 1]], []], [[[1, 2, 2, 2, 1]], [], [[0, 0, 0, 1], [1, 1, 1, 2]]], [[], [[0, 0, 2, 1, 1]], [[2, 1, 0, 0], [1, 1, 1, 1]]]]
[[[[0, 1, 1, 0, 0]], [[0, 1, 1, 0, 0]], []], [[[0, 1, 1, 0, 0]], [], [[0, 2, 1, 2]]], [[], [[0, 1, 0, 0, 0]], [[0, 1, 0, 0]]], [[[0, 1, 0, 0, 0], [0, 0, 1, 0, 0]], [[1, 0, 1, 0, 0]], []], [[], [[1, 0, 0, 1, 2], [0, 0, 1, 0, 0]], [[0, 1, 0, 2]]], [[[0, 1, 1, 2, 1], [0, 0, 1, 0, 0]], [], [[0, 1, 0, 2]]], [[[0, 1, 1, 0, 0]], [[1, 0, 1, 0, 0]], [[0, 1, 2, 2]]], [[[0, 0, 1, 0, 0]], [[1, 0, 0, 0, 0], [1, 0, 0, 1, 0]], []], [[[0, 1, 1, 0, 0]], [], [[0, 1, 0, 2], [0, 2, 2, 1]]], [[], [[0, 1, 1, 1, 0]], [[0, 2, 1, 0], [0, 1, 2, 2]]]]
[[[[2, 91, 97, 178, 200]], [[12, 101, 154, 215, 257]], []], [[[7, 18, 120, 182, 191]], [], [[1, 163, 197, 236]]], [[], [[80, 236, 285, 303, 326]], [[139, 206, 224, 267]]], [[[20, 76, 106, 176, 188], [12, 103, 113, 186, 206]], [[33, 156, 225, 299, 328]], []], [[], [[32, 90, 294, 351, 374], [34, 64, 242, 257, 285]], [[3, 336, 369, 403]]], [[[42, 94, 102, 122, 128], [17, 104, 140, 176, 188]], [], [[144, 188, 274, 299]]], [[[24, 123, 141, 180, 194]], [[39, 80, 267, 312, 330]], [[306, 326, 364, 381]]], [[[62, 105, 146, 182, 241]], [[39, 161, 303, 321, 332], [51, 131, 174, 214, 287]], []], [[[67, 117, 133, 170, 184]], [], [[51, 252, 318, 352], [73, 161, 358, 379]]], [[], [[85, 268, 283, 310, 334]], [[65, 230, 327, 365], [56, 201, 242, 301]]]]

4256 2659.1 √
[4, 7, 7] [3, 6, 3]
[[[[0, 2, 1, 4, 3]], [[0, 1, 2, 3, 4]], []], [[[0, 1, 2, 3, 4]], [], [[0, 2, 1, 4]]], [[], [[0, 1, 2, 3, 4]], [[0, 1, 2, 4]]], [[[0, 1, 2, 4, 3], [0, 2, 1, 4, 3]], [[1, 0, 2, 3, 4]], []], [[], [[1, 0, 2, 3, 4], [0, 2, 1, 3, 4]], [[0, 1, 2, 4]]], [[[0, 2, 1, 4, 3], [0, 2, 1, 3, 4]], [], [[0, 1, 4, 2]]], [[[0, 2, 1, 4, 3]], [[1, 0, 2, 3, 4]], [[0, 1, 4, 2]]], [[[0, 2, 1, 4, 3]], [[1, 0, 2, 3, 4], [1, 0, 2, 3, 4]], []], [[[0, 2, 1, 3, 4]], [], [[0, 1, 2, 4], [0, 2, 4, 1]]], [[], [[0, 1, 2, 3, 4]], [[0, 4, 1, 2], [0, 1, 4, 2]]]]
[[[[2, 2, 1, 1, 2]], [[2, 2, 2, 2, 1]], []], [[[1, 0, 2, 2, 1]], [], [[1, 1, 0, 1]]], [[], [[0, 0, 0, 2, 1]], [[0, 0, 0, 1]]], [[[2, 2, 0, 1, 2], [1, 0, 0, 1, 2]], [[0, 0, 2, 2, 1]], []], [[], [[1, 0, 0, 0, 1], [2, 0, 0, 2, 1]], [[0, 0, 0, 1]]], [[[2, 2, 1, 1, 1], [1, 0, 2, 2, 1]], [], [[0, 0, 1, 1]]], [[[2, 2, 1, 1, 2]], [[1, 1, 2, 2, 1]], [[2, 2, 1, 1]]], [[[1, 0, 1, 1, 2]], [[0, 0, 0, 2, 1], [2, 0, 0, 1, 1]], []], [[[1, 2, 2, 2, 1]], [], [[0, 0, 0, 1], [1, 1, 1, 2]]], [[], [[0, 0, 2, 1, 1]], [[1, 1, 0, 0], [1, 1, 1, 1]]]]
[[[[0, 1, 1, 0, 0]], [[0, 1, 1, 0, 0]], []], [[[0, 1, 1, 0, 0]], [], [[0, 2, 1, 2]]], [[], [[0, 1, 0, 0, 0]], [[0, 1, 0, 0]]], [[[0, 1, 0, 0, 0], [0, 0, 1, 0, 0]], [[1, 0, 1, 0, 0]], []], [[], [[1, 0, 0, 1, 2], [0, 0, 1, 0, 0]], [[0, 1, 0, 2]]], [[[0, 1, 1, 2, 1], [0, 0, 1, 0, 0]], [], [[0, 1, 0, 2]]], [[[0, 1, 1, 0, 0]], [[1, 0, 1, 0, 0]], [[0, 1, 2, 2]]], [[[0, 0, 1, 0, 0]], [[1, 0, 0, 0, 0], [1, 0, 0, 1, 0]], []], [[[0, 1, 1, 0, 0]], [], [[0, 1, 0, 2], [0, 2, 2, 1]]], [[], [[0, 1, 1, 1, 0]], [[0, 2, 1, 0], [0, 1, 2, 2]]]]
[[[[2, 81, 102, 183, 198]], [[12, 91, 144, 213, 261]], []], [[[7, 18, 110, 172, 195]], [], [[1, 168, 200, 240]]], [[], [[80, 239, 288, 306, 330]], [[139, 209, 227, 271]]], [[[20, 66, 106, 181, 186], [12, 103, 113, 191, 204]], [[33, 156, 223, 302, 332]], []], [[], [[32, 90, 297, 354, 377], [34, 64, 245, 260, 289]], [[3, 339, 372, 406]]], [[[42, 84, 107, 127, 133], [17, 104, 130, 166, 193]], [], [[144, 188, 278, 303]]], [[[24, 113, 146, 185, 192]], [[39, 87, 270, 315, 334]], [[309, 329, 367, 384]]], [[[62, 105, 151, 187, 239]], [[39, 161, 306, 324, 336], [51, 131, 174, 218, 291]], []], [[[74, 107, 123, 160, 189]], [], [[51, 255, 321, 355], [80, 166, 361, 382]]], [[], [[85, 271, 286, 314, 338]], [[68, 234, 330, 368], [56, 205, 246, 305]]]]

4064 2791.5 √
[10, 7, 7] [3, 6, 3]
[[[[0, 2, 1, 4, 3]], [[0, 1, 2, 3, 4]], []], [[[0, 1, 2, 3, 4]], [], [[0, 2, 1, 4]]], [[], [[0, 1, 2, 3, 4]], [[0, 1, 2, 4]]], [[[0, 1, 2, 4, 3], [0, 2, 1, 4, 3]], [[1, 0, 2, 3, 4]], []], [[], [[1, 0, 2, 3, 4], [0, 2, 1, 3, 4]], [[0, 1, 2, 4]]], [[[0, 2, 1, 4, 3], [0, 2, 1, 3, 4]], [], [[0, 1, 4, 2]]], [[[0, 2, 1, 4, 3]], [[1, 0, 2, 3, 4]], [[0, 1, 4, 2]]], [[[0, 2, 1, 4, 3]], [[1, 0, 2, 3, 4], [1, 0, 2, 3, 4]], []], [[[0, 2, 1, 3, 4]], [], [[0, 1, 2, 4], [0, 2, 4, 1]]], [[], [[0, 1, 2, 3, 4]], [[0, 4, 1, 2], [0, 1, 4, 2]]]]
[[[[2, 2, 1, 1, 2]], [[2, 2, 2, 2, 1]], []], [[[1, 0, 2, 2, 1]], [], [[1, 1, 0, 1]]], [[], [[0, 0, 0, 2, 1]], [[0, 0, 0, 1]]], [[[2, 2, 0, 1, 2], [1, 0, 0, 1, 2]], [[0, 0, 2, 2, 1]], []], [[], [[1, 0, 0, 0, 1], [2, 0, 0, 2, 1]], [[0, 0, 0, 1]]], [[[2, 2, 1, 1, 1], [1, 0, 2, 2, 1]], [], [[0, 0, 1, 1]]], [[[2, 2, 1, 1, 2]], [[1, 1, 2, 2, 1]], [[2, 2, 1, 1]]], [[[1, 0, 1, 1, 2]], [[0, 0, 0, 2, 1], [2, 0, 0, 1, 1]], []], [[[1, 2, 2, 2, 1]], [], [[0, 0, 0, 1], [1, 1, 1, 2]]], [[], [[0, 0, 2, 1, 1]], [[2, 1, 0, 2], [1, 1, 1, 1]]]]
[[[[0, 1, 1, 0, 0]], [[0, 1, 1, 0, 0]], []], [[[0, 1, 1, 0, 0]], [], [[0, 2, 1, 2]]], [[], [[0, 1, 0, 0, 0]], [[0, 1, 0, 0]]], [[[0, 1, 0, 0, 0], [0, 0, 1, 0, 0]], [[1, 0, 1, 0, 0]], []], [[], [[1, 0, 0, 1, 2], [0, 0, 1, 0, 0]], [[0, 1, 0, 2]]], [[[0, 1, 1, 2, 1], [0, 0, 1, 0, 0]], [], [[0, 1, 0, 2]]], [[[0, 1, 1, 0, 0]], [[1, 0, 1, 0, 0]], [[0, 1, 2, 2]]], [[[0, 0, 1, 0, 0]], [[1, 0, 0, 0, 0], [1, 0, 0, 1, 0]], []], [[[0, 1, 1, 0, 0]], [], [[0, 1, 0, 2], [0, 2, 2, 1]]], [[], [[0, 1, 1, 1, 0]], [[0, 2, 1, 1], [0, 1, 2, 2]]]]
[[[[2, 91, 97, 178, 215]], [[12, 101, 181, 230, 256]], []], [[[7, 33, 120, 167, 190]], [], [[1, 163, 195, 235]]], [[], [[76, 234, 283, 301, 325]], [[135, 204, 222, 266]]], [[[20, 76, 102, 176, 203], [12, 99, 109, 186, 221]], [[16, 152, 240, 297, 327]], []], [[], [[32, 86, 292, 349, 372], [34, 60, 240, 256, 284]], [[3, 334, 363, 397]]], [[[42, 94, 102, 122, 128], [17, 100, 140, 161, 188]], [], [[140, 184, 273, 298]]], [[[24, 123, 141, 180, 209]], [[39, 80, 266, 310, 329]], [[304, 324, 362, 379]]], [[[62, 101, 146, 182, 197]], [[22, 157, 301, 319, 331], [51, 127, 170, 213, 286]], []], [[[67, 117, 133, 155, 184]], [], [[47, 250, 316, 350], [73, 161, 356, 377]]], [[], [[81, 266, 281, 309, 333]], [[65, 229, 325, 349], [56, 200, 241, 300]]]]

4080 2725.1 √
[10, 7, 7] [3, 6, 3]
[[[[0, 2, 1, 4, 3]], [[0, 1, 2, 3, 4]], []], [[[0, 1, 2, 3, 4]], [], [[0, 2, 1, 4]]], [[], [[0, 1, 2, 3, 4]], [[0, 1, 2, 4]]], [[[0, 1, 2, 4, 3], [0, 2, 1, 4, 3]], [[1, 0, 2, 3, 4]], []], [[], [[1, 0, 2, 3, 4], [0, 2, 1, 3, 4]], [[0, 1, 2, 4]]], [[[0, 2, 1, 4, 3], [0, 2, 1, 3, 4]], [], [[0, 1, 4, 2]]], [[[0, 2, 1, 4, 3]], [[1, 0, 2, 3, 4]], [[0, 1, 4, 2]]], [[[0, 2, 1, 4, 3]], [[1, 0, 2, 3, 4], [1, 0, 2, 3, 4]], []], [[[0, 2, 1, 3, 4]], [], [[0, 1, 2, 4], [0, 2, 4, 1]]], [[], [[0, 1, 2, 3, 4]], [[0, 4, 1, 2], [0, 1, 4, 2]]]]
[[[[2, 2, 1, 1, 2]], [[2, 2, 2, 2, 1]], []], [[[1, 0, 2, 2, 1]], [], [[1, 1, 0, 1]]], [[], [[0, 0, 0, 2, 1]], [[0, 0, 0, 1]]], [[[2, 2, 0, 1, 2], [1, 0, 0, 1, 2]], [[0, 0, 2, 2, 1]], []], [[], [[1, 0, 0, 0, 1], [2, 0, 0, 2, 1]], [[0, 0, 0, 1]]], [[[2, 2, 1, 1, 1], [1, 0, 2, 2, 1]], [], [[0, 0, 1, 1]]], [[[2, 2, 1, 1, 2]], [[1, 1, 2, 2, 1]], [[2, 2, 1, 1]]], [[[1, 0, 1, 1, 2]], [[0, 0, 0, 2, 1], [2, 0, 0, 1, 1]], []], [[[1, 2, 2, 2, 1]], [], [[0, 0, 0, 1], [1, 1, 1, 2]]], [[], [[0, 0, 2, 1, 1]], [[2, 1, 0, 0], [1, 1, 1, 1]]]]
[[[[0, 1, 1, 0, 0]], [[0, 1, 1, 0, 0]], []], [[[0, 1, 1, 0, 0]], [], [[0, 2, 1, 2]]], [[], [[0, 1, 0, 0, 0]], [[0, 1, 0, 0]]], [[[0, 1, 0, 0, 0], [0, 0, 1, 0, 0]], [[1, 0, 1, 0, 0]], []], [[], [[1, 0, 0, 1, 2], [0, 0, 1, 0, 0]], [[0, 1, 0, 2]]], [[[0, 1, 1, 2, 1], [0, 0, 1, 0, 0]], [], [[0, 1, 0, 2]]], [[[0, 1, 1, 0, 0]], [[1, 0, 1, 0, 0]], [[0, 1, 2, 2]]], [[[0, 0, 1, 0, 0]], [[1, 0, 0, 0, 0], [1, 0, 0, 1, 0]], []], [[[0, 1, 1, 0, 0]], [], [[0, 1, 0, 2], [0, 2, 2, 1]]], [[], [[0, 1, 1, 1, 0]], [[0, 2, 1, 0], [0, 1, 2, 2]]]]
[[[[2, 91, 97, 178, 200]], [[12, 101, 154, 215, 257]], []], [[[7, 18, 120, 182, 191]], [], [[1, 163, 197, 236]]], [[], [[80, 236, 285, 303, 326]], [[139, 206, 224, 267]]], [[[20, 76, 106, 176, 188], [12, 103, 113, 186, 206]], [[33, 156, 225, 299, 328]], []], [[], [[32, 90, 294, 351, 378], [34, 64, 242, 257, 285]], [[3, 336, 369, 403]]], [[[42, 94, 102, 122, 128], [17, 104, 140, 176, 188]], [], [[144, 188, 274, 299]]], [[[24, 123, 141, 180, 194]], [[39, 80, 267, 312, 330]], [[306, 326, 364, 373]]], [[[62, 105, 146, 182, 241]], [[39, 161, 303, 321, 332], [51, 131, 174, 214, 287]], []], [[[67, 117, 133, 170, 184]], [], [[51, 252, 318, 352], [73, 161, 358, 379]]], [[], [[85, 268, 283, 310, 334]], [[65, 230, 327, 365], [56, 201, 242, 301]]]]

4244 2690.1 √
[10, 7, 7] [3, 6, 3]
[[[[0, 2, 1, 4, 3]], [[0, 1, 2, 3, 4]], []], [[[0, 1, 2, 3, 4]], [], [[0, 2, 1, 4]]], [[], [[0, 1, 2, 3, 4]], [[0, 1, 2, 4]]], [[[0, 1, 2, 4, 3], [0, 2, 1, 4, 3]], [[1, 0, 2, 3, 4]], []], [[], [[1, 0, 2, 3, 4], [0, 2, 1, 3, 4]], [[0, 1, 2, 4]]], [[[0, 2, 1, 4, 3], [0, 2, 1, 3, 4]], [], [[0, 1, 4, 2]]], [[[0, 2, 1, 4, 3]], [[1, 0, 2, 3, 4]], [[0, 1, 4, 2]]], [[[0, 2, 1, 4, 3]], [[1, 0, 2, 3, 4], [1, 0, 2, 3, 4]], []], [[[0, 2, 1, 3, 4]], [], [[0, 1, 2, 4], [0, 2, 4, 1]]], [[], [[0, 1, 2, 3, 4]], [[0, 4, 1, 2], [0, 1, 4, 2]]]]
[[[[2, 2, 1, 1, 2]], [[2, 2, 2, 2, 1]], []], [[[1, 0, 2, 2, 1]], [], [[1, 1, 0, 1]]], [[], [[0, 0, 0, 2, 1]], [[0, 0, 0, 1]]], [[[2, 2, 0, 1, 2], [1, 0, 0, 1, 2]], [[0, 0, 2, 2, 1]], []], [[], [[1, 0, 0, 0, 1], [2, 0, 0, 2, 1]], [[0, 0, 0, 1]]], [[[2, 2, 1, 1, 1], [1, 0, 2, 2, 1]], [], [[0, 0, 1, 1]]], [[[2, 2, 1, 1, 2]], [[1, 1, 2, 2, 1]], [[2, 2, 1, 1]]], [[[1, 0, 1, 1, 2]], [[0, 0, 0, 2, 1], [2, 0, 0, 1, 1]], []], [[[1, 2, 2, 2, 1]], [], [[0, 0, 0, 1], [1, 1, 1, 2]]], [[], [[0, 0, 2, 1, 1]], [[1, 1, 0, 2], [1, 1, 1, 1]]]]
[[[[0, 1, 1, 0, 0]], [[0, 1, 1, 0, 0]], []], [[[0, 1, 1, 0, 0]], [], [[0, 2, 1, 2]]], [[], [[0, 1, 0, 0, 0]], [[0, 1, 0, 0]]], [[[0, 1, 0, 0, 0], [0, 0, 1, 0, 0]], [[1, 0, 1, 0, 0]], []], [[], [[1, 0, 0, 1, 2], [0, 0, 1, 0, 0]], [[0, 1, 0, 2]]], [[[0, 1, 1, 2, 1], [0, 0, 1, 0, 0]], [], [[0, 1, 0, 2]]], [[[0, 1, 1, 0, 0]], [[1, 0, 1, 0, 0]], [[0, 1, 2, 2]]], [[[0, 0, 1, 0, 0]], [[1, 0, 0, 0, 0], [1, 0, 0, 1, 0]], []], [[[0, 1, 1, 0, 0]], [], [[0, 1, 0, 2], [0, 2, 2, 1]]], [[], [[0, 1, 1, 1, 0]], [[0, 2, 1, 1], [0, 1, 2, 2]]]]
[[[[2, 81, 102, 183, 198]], [[12, 91, 144, 213, 261]], []], [[[7, 18, 110, 172, 195]], [], [[1, 168, 200, 240]]], [[], [[80, 239, 288, 306, 330]], [[139, 209, 227, 271]]], [[[20, 66, 106, 181, 186], [12, 103, 113, 191, 204]], [[33, 156, 223, 302, 332]], []], [[], [[32, 90, 297, 354, 377], [34, 64, 245, 260, 289]], [[3, 339, 368, 402]]], [[[42, 84, 107, 127, 133], [17, 104, 130, 166, 193]], [], [[144, 188, 278, 303]]], [[[24, 113, 146, 185, 192]], [[39, 87, 270, 315, 334]], [[309, 329, 367, 384]]], [[[62, 105, 151, 187, 239]], [[39, 161, 306, 324, 336], [51, 131, 174, 218, 291]], []], [[[74, 107, 123, 160, 189]], [], [[51, 255, 321, 355], [80, 166, 361, 382]]], [[], [[85, 271, 286, 314, 338]], [[68, 234, 330, 354], [56, 205, 246, 305]]]]

4244 2690.1 √
[10, 7, 7] [3, 6, 3]
[[[[0, 2, 1, 4, 3]], [[0, 1, 2, 3, 4]], []], [[[0, 1, 2, 3, 4]], [], [[0, 2, 1, 4]]], [[], [[0, 1, 2, 3, 4]], [[0, 1, 2, 4]]], [[[0, 1, 2, 4, 3], [0, 2, 1, 4, 3]], [[1, 0, 2, 3, 4]], []], [[], [[1, 0, 2, 3, 4], [0, 2, 1, 3, 4]], [[0, 1, 2, 4]]], [[[0, 2, 1, 4, 3], [0, 2, 1, 3, 4]], [], [[0, 1, 4, 2]]], [[[0, 2, 1, 4, 3]], [[1, 0, 2, 3, 4]], [[0, 1, 4, 2]]], [[[0, 2, 1, 4, 3]], [[1, 0, 2, 3, 4], [1, 0, 2, 3, 4]], []], [[[0, 2, 1, 3, 4]], [], [[0, 1, 2, 4], [0, 2, 4, 1]]], [[], [[0, 1, 2, 3, 4]], [[0, 4, 1, 2], [0, 1, 4, 2]]]]
[[[[2, 2, 1, 1, 2]], [[2, 2, 2, 2, 1]], []], [[[1, 0, 2, 2, 1]], [], [[1, 1, 0, 1]]], [[], [[0, 0, 0, 2, 1]], [[0, 0, 0, 1]]], [[[2, 2, 0, 1, 2], [1, 0, 0, 1, 2]], [[0, 0, 2, 2, 1]], []], [[], [[1, 0, 0, 0, 1], [2, 0, 0, 2, 1]], [[0, 0, 0, 1]]], [[[2, 2, 1, 1, 1], [1, 0, 2, 2, 1]], [], [[0, 0, 1, 1]]], [[[2, 2, 1, 1, 2]], [[1, 1, 2, 2, 1]], [[2, 2, 1, 1]]], [[[1, 0, 1, 1, 2]], [[0, 0, 0, 2, 1], [2, 0, 0, 1, 1]], []], [[[1, 2, 2, 2, 1]], [], [[0, 0, 0, 1], [1, 1, 1, 2]]], [[], [[0, 0, 2, 1, 1]], [[1, 1, 0, 2], [1, 1, 1, 1]]]]
[[[[0, 1, 1, 0, 0]], [[0, 1, 1, 0, 0]], []], [[[0, 1, 1, 0, 0]], [], [[0, 2, 1, 2]]], [[], [[0, 1, 0, 0, 0]], [[0, 1, 0, 0]]], [[[0, 1, 0, 0, 0], [0, 0, 1, 0, 0]], [[1, 0, 1, 0, 0]], []], [[], [[1, 0, 0, 1, 2], [0, 0, 1, 0, 0]], [[0, 1, 0, 2]]], [[[0, 1, 1, 2, 1], [0, 0, 1, 0, 0]], [], [[0, 1, 0, 2]]], [[[0, 1, 1, 0, 0]], [[1, 0, 1, 0, 0]], [[0, 1, 2, 2]]], [[[0, 0, 1, 0, 0]], [[1, 0, 0, 0, 0], [1, 0, 0, 1, 0]], []], [[[0, 1, 1, 0, 0]], [], [[0, 1, 0, 2], [0, 2, 2, 1]]], [[], [[0, 1, 1, 1, 0]], [[0, 2, 1, 1], [0, 1, 2, 2]]]]
[[[[2, 81, 102, 183, 204]], [[12, 91, 144, 213, 261]], []], [[[7, 18, 110, 172, 195]], [], [[1, 168, 200, 240]]], [[], [[80, 239, 288, 306, 330]], [[139, 209, 227, 271]]], [[[20, 66, 106, 181, 186], [12, 103, 113, 191, 198]], [[33, 156, 223, 302, 332]], []], [[], [[32, 90, 297, 354, 377], [34, 64, 245, 260, 289]], [[3, 339, 368, 402]]], [[[42, 84, 107, 127, 133], [17, 104, 130, 166, 193]], [], [[144, 188, 278, 303]]], [[[24, 113, 146, 185, 192]], [[39, 87, 270, 315, 334]], [[309, 329, 367, 384]]], [[[62, 105, 151, 187, 239]], [[39, 161, 306, 324, 336], [51, 131, 174, 218, 291]], []], [[[74, 107, 123, 160, 189]], [], [[51, 255, 321, 355], [80, 166, 361, 382]]], [[], [[85, 271, 286, 314, 338]], [[68, 234, 330, 354], [56, 205, 246, 305]]]]

4128 2722.7 √
[10, 7, 7] [3, 6, 3]
[[[[0, 2, 1, 4, 3]], [[0, 1, 2, 3, 4]], []], [[[0, 1, 2, 3, 4]], [], [[0, 2, 1, 4]]], [[], [[0, 1, 2, 3, 4]], [[0, 1, 2, 4]]], [[[0, 1, 2, 4, 3], [0, 2, 1, 4, 3]], [[1, 0, 2, 3, 4]], []], [[], [[1, 0, 2, 3, 4], [0, 2, 1, 3, 4]], [[0, 1, 2, 4]]], [[[0, 2, 1, 4, 3], [0, 2, 1, 3, 4]], [], [[0, 1, 4, 2]]], [[[0, 2, 1, 4, 3]], [[1, 0, 2, 3, 4]], [[0, 1, 4, 2]]], [[[0, 2, 1, 4, 3]], [[1, 0, 2, 3, 4], [1, 0, 2, 3, 4]], []], [[[0, 2, 1, 3, 4]], [], [[0, 1, 2, 4], [0, 2, 4, 1]]], [[], [[0, 1, 2, 3, 4]], [[0, 4, 1, 2], [0, 1, 4, 2]]]]
[[[[2, 2, 1, 1, 2]], [[2, 2, 2, 2, 1]], []], [[[1, 0, 2, 2, 1]], [], [[1, 1, 0, 1]]], [[], [[0, 0, 0, 2, 1]], [[0, 0, 0, 1]]], [[[2, 2, 0, 1, 2], [1, 0, 0, 1, 2]], [[0, 0, 2, 2, 1]], []], [[], [[1, 0, 0, 0, 1], [2, 0, 0, 2, 1]], [[0, 0, 0, 1]]], [[[2, 2, 1, 1, 1], [1, 0, 2, 2, 1]], [], [[0, 0, 1, 1]]], [[[2, 2, 1, 1, 2]], [[1, 1, 2, 2, 1]], [[2, 2, 1, 1]]], [[[1, 0, 1, 1, 2]], [[0, 0, 0, 2, 1], [2, 0, 0, 1, 1]], []], [[[1, 2, 2, 2, 1]], [], [[0, 0, 0, 1], [1, 1, 1, 2]]], [[], [[0, 0, 2, 1, 1]], [[2, 1, 0, 0], [1, 1, 1, 1]]]]
[[[[0, 1, 1, 0, 0]], [[0, 1, 1, 0, 0]], []], [[[0, 1, 1, 0, 0]], [], [[0, 2, 1, 2]]], [[], [[0, 1, 0, 0, 0]], [[0, 1, 0, 0]]], [[[0, 1, 0, 0, 0], [0, 0, 1, 0, 0]], [[1, 0, 1, 0, 0]], []], [[], [[1, 0, 0, 1, 2], [0, 0, 1, 0, 0]], [[0, 1, 0, 2]]], [[[0, 1, 1, 2, 1], [0, 0, 1, 0, 0]], [], [[0, 1, 0, 2]]], [[[0, 1, 1, 0, 0]], [[1, 0, 1, 0, 0]], [[0, 1, 2, 2]]], [[[0, 0, 1, 0, 0]], [[1, 0, 0, 0, 0], [1, 0, 0, 1, 0]], []], [[[0, 1, 1, 0, 0]], [], [[0, 1, 0, 2], [0, 2, 2, 1]]], [[], [[0, 1, 1, 1, 0]], [[0, 2, 1, 0], [0, 1, 2, 2]]]]
[[[[2, 91, 97, 178, 200]], [[12, 101, 154, 215, 257]], []], [[[7, 18, 120, 182, 191]], [], [[1, 163, 197, 236]]], [[], [[80, 236, 285, 303, 326]], [[139, 206, 224, 267]]], [[[20, 76, 106, 176, 188], [12, 103, 113, 186, 206]], [[33, 156, 225, 299, 328]], []], [[], [[32, 90, 294, 351, 374], [34, 64, 242, 257, 285]], [[3, 336, 369, 403]]], [[[42, 94, 102, 122, 128], [17, 104, 140, 176, 188]], [], [[144, 188, 274, 299]]], [[[24, 123, 141, 180, 194]], [[39, 80, 267, 312, 330]], [[306, 326, 364, 381]]], [[[67, 105, 146, 182, 241]], [[39, 161, 303, 321, 332], [51, 131, 174, 214, 287]], []], [[[62, 117, 133, 170, 184]], [], [[51, 252, 318, 352], [73, 161, 358, 379]]], [[], [[85, 268, 283, 310, 334]], [[65, 230, 327, 365], [56, 201, 242, 301]]]]

4416 2600.5 √
[4, 7, 7] [3, 6, 3]
[[[[0, 2, 1, 4, 3]], [[0, 1, 2, 3, 4]], []], [[[0, 1, 2, 3, 4]], [], [[0, 2, 1, 4]]], [[], [[0, 1, 2, 3, 4]], [[0, 1, 2, 4]]], [[[0, 1, 2, 4, 3], [0, 2, 1, 4, 3]], [[1, 0, 2, 3, 4]], []], [[], [[1, 0, 2, 3, 4], [0, 2, 1, 3, 4]], [[0, 1, 2, 4]]], [[[0, 2, 1, 4, 3], [0, 2, 1, 3, 4]], [], [[0, 1, 4, 2]]], [[[0, 2, 1, 4, 3]], [[1, 0, 2, 3, 4]], [[0, 1, 4, 2]]], [[[0, 2, 1, 4, 3]], [[1, 0, 2, 3, 4], [1, 0, 2, 3, 4]], []], [[[0, 2, 1, 3, 4]], [], [[0, 1, 2, 4], [0, 2, 4, 1]]], [[], [[0, 1, 2, 3, 4]], [[0, 4, 1, 2], [0, 1, 4, 2]]]]
[[[[2, 2, 1, 1, 2]], [[2, 2, 2, 2, 1]], []], [[[1, 0, 2, 2, 1]], [], [[1, 1, 0, 1]]], [[], [[0, 0, 0, 2, 1]], [[0, 0, 0, 1]]], [[[2, 2, 0, 1, 2], [1, 0, 0, 1, 2]], [[0, 0, 2, 2, 1]], []], [[], [[1, 0, 0, 0, 1], [2, 0, 0, 2, 1]], [[0, 0, 0, 1]]], [[[2, 2, 1, 1, 1], [1, 0, 2, 2, 1]], [], [[0, 0, 1, 1]]], [[[2, 2, 1, 1, 2]], [[1, 1, 2, 2, 1]], [[2, 2, 1, 1]]], [[[0, 0, 1, 1, 2]], [[0, 0, 0, 2, 1], [2, 0, 0, 1, 1]], []], [[[1, 2, 2, 2, 1]], [], [[0, 0, 0, 1], [1, 1, 1, 2]]], [[], [[0, 0, 2, 1, 1]], [[1, 1, 0, 0], [1, 1, 1, 1]]]]
[[[[0, 1, 1, 0, 0]], [[0, 1, 1, 0, 0]], []], [[[0, 1, 1, 0, 0]], [], [[0, 2, 1, 2]]], [[], [[0, 1, 0, 0, 0]], [[0, 1, 0, 0]]], [[[0, 1, 0, 0, 0], [0, 0, 1, 0, 0]], [[1, 0, 1, 0, 0]], []], [[], [[1, 0, 0, 1, 2], [0, 0, 1, 0, 0]], [[0, 1, 0, 2]]], [[[0, 1, 1, 2, 1], [0, 0, 1, 0, 0]], [], [[0, 1, 0, 2]]], [[[0, 1, 1, 0, 0]], [[1, 0, 1, 0, 0]], [[0, 1, 2, 2]]], [[[0, 0, 1, 0, 0]], [[1, 0, 0, 0, 0], [1, 0, 0, 1, 0]], []], [[[0, 1, 1, 0, 0]], [], [[0, 1, 0, 2], [0, 2, 2, 1]]], [[], [[0, 1, 1, 1, 0]], [[0, 2, 1, 0], [0, 1, 2, 2]]]]
[[[[2, 81, 92, 173, 190]], [[12, 91, 144, 205, 265]], []], [[[7, 18, 110, 172, 185]], [], [[1, 158, 205, 244]]], [[], [[88, 244, 293, 311, 334]], [[147, 214, 232, 275]]], [[[20, 66, 114, 171, 178], [12, 111, 121, 181, 196]], [[33, 164, 215, 307, 336]], []], [[], [[32, 98, 302, 359, 382], [34, 72, 250, 265, 293]], [[3, 344, 377, 411]]], [[[42, 84, 97, 117, 123], [17, 112, 130, 166, 183]], [], [[152, 196, 282, 307]]], [[[24, 113, 136, 175, 184]], [[39, 77, 275, 320, 338]], [[314, 334, 372, 389]]], [[[61, 113, 141, 177, 231]], [[39, 169, 311, 329, 340], [51, 139, 182, 209, 295]], []], [[[64, 107, 123, 160, 179]], [], [[51, 260, 326, 360], [70, 156, 366, 387]]], [[], [[93, 276, 291, 318, 342]], [[58, 225, 335, 373], [56, 195, 250, 309]]]]

641.84375