4640 2920.3 √
[6, 6, 6] [8, 5, 2]
[[[[0, 2, 1, 3, 4]], [[0, 2, 1, 3, 4]], []], [[[0, 1, 2, 3, 4]], [], [[0, 4, 1, 2]]], [[], [[0, 1, 2, 3, 4]], [[0, 4, 2, 1]]], [[[0, 1, 2, 4, 3], [0, 2, 1, 3, 4]], [[0, 2, 1, 3, 4]], []], [[], [[0, 2, 1, 3, 4], [0, 2, 1, 3, 4]], [[0, 4, 2, 1]]], [[[0, 1, 3, 2, 4], [0, 1, 2, 4, 3]], [], [[0, 2, 1, 4]]], [[[0, 1, 3, 2, 4]], [[1, 0, 2, 3, 4]], [[0, 1, 2, 4]]], [[[0, 1, 2, 3, 4]], [[0, 1, 2, 3, 4], [1, 0, 2, 3, 4]], []], [[[0, 1, 2, 4, 3]], [], [[0, 4, 1, 2], [0, 4, 2, 1]]], [[], [[0, 2, 1, 3, 4]], [[0, 4, 1, 2], [0, 2, 4, 1]]]]
[[[[0, 0, 1, 2, 1]], [[2, 2, 2, 2, 1]], []], [[[2, 0, 0, 0, 1]], [], [[1, 1, 2, 1]]], [[], [[1, 2, 2, 2, 1]], [[1, 1, 0, 0]]], [[[2, 2, 0, 1, 1], [0, 0, 1, 0, 1]], [[0, 0, 0, 0, 1]], []], [[], [[1, 2, 2, 2, 1], [0, 0, 0, 0, 1]], [[1, 1, 0, 0]]], [[[2, 1, 1, 0, 1], [0, 0, 0, 1, 2]], [], [[0, 0, 0, 1]]], [[[1, 2, 2, 0, 1]], [[2, 0, 0, 0, 1]], [[1, 0, 1, 1]]], [[[2, 1, 2, 2, 1]], [[1, 1, 2, 2, 1], [2, 2, 2, 2, 1]], []], [[[0, 0, 2, 1, 2]], [], [[1, 1, 2, 1], [1, 1, 2, 2]]], [[], [[2, 2, 0, 2, 1]], [[1, 1, 0, 0], [1, 1, 1, 2]]]]
[[[[0, 0, 1, 0, 0]], [[0, 1, 1, 0, 0]], []], [[[0, 1, 0, 1, 0]], [], [[0, 2, 1, 2]]], [[], [[0, 1, 1, 0, 0]], [[0, 0, 0, 1]]], [[[0, 1, 0, 2, 1], [0, 0, 1, 1, 0]], [[0, 0, 1, 1, 2]], []], [[], [[0, 1, 1, 0, 0], [0, 0, 1, 1, 0]], [[0, 2, 0, 1]]], [[[0, 1, 1, 0, 0], [0, 1, 0, 0, 0]], [], [[0, 0, 1, 0]]], [[[0, 1, 0, 0, 0]], [[1, 0, 0, 1, 0]], [[0, 1, 2, 2]]], [[[0, 1, 1, 0, 0]], [[0, 1, 1, 0, 0], [1, 0, 1, 0, 0]], []], [[[0, 1, 1, 2, 0]], [], [[0, 0, 1, 2], [0, 0, 1, 1]]], [[], [[0, 1, 1, 0, 0]], [[0, 0, 1, 0], [0, 2, 0, 1]]]]
[[[[5, 127, 131, 145, 312]], [[6, 208, 241, 332, 344]], []], [[[18, 53, 168, 202, 292]], [], [[22, 163, 337, 367]]], [[], [[8, 167, 306, 330, 346]], [[1, 265, 339, 348]]], [[[22, 124, 137, 177, 233], [30, 128, 136, 211, 296]], [[15, 179, 262, 321, 360]], []], [[], [[49, 200, 249, 278, 348], [20, 110, 256, 274, 340]], [[24, 190, 229, 283]]], [[[26, 67, 143, 170, 207], [33, 91, 169, 209, 265]], [], [[67, 156, 292, 329]]], [[[16, 76, 224, 241, 255]], [[43, 145, 188, 316, 342]], [[40, 77, 105, 184]]], [[[14, 90, 160, 230, 294]], [[31, 77, 98, 274, 302], [35, 186, 314, 377, 388]], []], [[[36, 45, 114, 120, 139]], [], [[36, 219, 345, 369], [42, 272, 294, 361]]], [[], [[62, 90, 250, 276, 304]], [[54, 279, 301, 335], [38, 107, 322, 353]]]]

4847 2727.2000000000003 √
[6, 6, 6] [8, 5, 2]
[[[[0, 2, 1, 3, 4]], [[0, 2, 1, 3, 4]], []], [[[0, 1, 2, 3, 4]], [], [[0, 4, 1, 2]]], [[], [[0, 1, 2, 3, 4]], [[0, 4, 2, 1]]], [[[0, 1, 2, 4, 3], [0, 2, 1, 3, 4]], [[0, 2, 1, 3, 4]], []], [[], [[0, 2, 1, 3, 4], [0, 2, 1, 3, 4]], [[0, 4, 2, 1]]], [[[0, 1, 3, 2, 4], [0, 1, 2, 4, 3]], [], [[0, 2, 1, 4]]], [[[0, 1, 3, 2, 4]], [[1, 0, 2, 3, 4]], [[0, 1, 2, 4]]], [[[0, 1, 2, 3, 4]], [[0, 1, 2, 3, 4], [1, 0, 2, 3, 4]], []], [[[0, 1, 2, 4, 3]], [], [[0, 4, 1, 2], [0, 4, 2, 1]]], [[], [[0, 2, 1, 3, 4]], [[0, 4, 1, 2], [0, 2, 4, 1]]]]
[[[[0, 0, 1, 2, 1]], [[2, 2, 2, 2, 1]], []], [[[2, 0, 0, 0, 1]], [], [[1, 1, 2, 1]]], [[], [[1, 2, 2, 2, 1]], [[1, 1, 0, 0]]], [[[2, 2, 0, 1, 1], [0, 0, 1, 0, 1]], [[0, 0, 0, 0, 1]], []], [[], [[1, 2, 2, 2, 1], [0, 0, 0, 0, 1]], [[1, 1, 0, 0]]], [[[2, 1, 1, 0, 1], [0, 0, 0, 1, 2]], [], [[0, 0, 0, 1]]], [[[2, 2, 2, 0, 1]], [[2, 0, 0, 0, 1]], [[1, 0, 1, 1]]], [[[2, 1, 2, 2, 1]], [[1, 1, 2, 2, 1], [2, 2, 2, 2, 1]], []], [[[0, 0, 2, 1, 2]], [], [[1, 1, 2, 2], [1, 1, 2, 2]]], [[], [[2, 2, 2, 2, 1]], [[1, 1, 0, 0], [1, 1, 1, 2]]]]
[[[[0, 0, 1, 0, 0]], [[0, 1, 1, 0, 0]], []], [[[0, 1, 0, 1, 0]], [], [[0, 2, 1, 2]]], [[], [[0, 1, 1, 0, 0]], [[0, 0, 0, 1]]], [[[0, 1, 0, 2, 1], [0, 0, 1, 1, 0]], [[0, 0, 1, 1, 2]], []], [[], [[0, 1, 1, 0, 0], [0, 0, 1, 1, 0]], [[0, 2, 0, 1]]], [[[0, 1, 1, 0, 0], [0, 1, 0, 0, 0]], [], [[0, 0, 1, 0]]], [[[0, 1, 0, 0, 0]], [[1, 0, 0, 1, 0]], [[0, 1, 2, 2]]], [[[0, 1, 1, 0, 0]], [[0, 1, 1, 0, 0], [1, 0, 1, 0, 0]], []], [[[0, 1, 1, 2, 0]], [], [[0, 0, 1, 1], [0, 0, 1, 1]]], [[], [[0, 1, 1, 0, 0]], [[0, 0, 1, 0], [0, 2, 0, 1]]]]
[[[[5, 127, 134, 149, 309]], [[6, 212, 245, 336, 347]], []], [[[22, 53, 162, 206, 286]], [], [[17, 157, 341, 370]]], [[], [[12, 171, 310, 334, 349]], [[1, 259, 341, 350]]], [[[26, 128, 141, 171, 227], [30, 128, 139, 215, 290]], [[15, 173, 260, 323, 363]], []], [[], [[34, 204, 261, 290, 351], [20, 110, 254, 285, 299]], [[19, 184, 233, 270]]], [[[30, 52, 82, 164, 201], [33, 91, 163, 203, 277]], [], [[67, 197, 294, 326]]], [[[18, 80, 228, 245, 249]], [[47, 149, 182, 318, 337]], [[25, 77, 101, 178]]], [[[14, 75, 164, 234, 288]], [[8, 62, 102, 286, 297], [39, 190, 318, 391, 402]], []], [[[36, 45, 118, 124, 143]], [], [[21, 213, 349, 378], [27, 266, 298, 365]]], [[], [[66, 94, 253, 288, 301]], [[39, 273, 303, 337], [23, 103, 319, 357]]]]

4662 2744.9 √
[6, 6, 6] [8, 5, 2]
[[[[0, 2, 1, 3, 4]], [[0, 2, 1, 3, 4]], []], [[[0, 1, 2, 3, 4]], [], [[0, 4, 1, 2]]], [[], [[0, 1, 2, 3, 4]], [[0, 4, 2, 1]]], [[[0, 1, 2, 4, 3], [0, 2, 1, 3, 4]], [[0, 2, 1, 3, 4]], []], [[], [[0, 2, 1, 3, 4], [0, 2, 1, 3, 4]], [[0, 4, 2, 1]]], [[[0, 1, 3, 2, 4], [0, 1, 2, 4, 3]], [], [[0, 2, 1, 4]]], [[[0, 1, 3, 2, 4]], [[1, 0, 2, 3, 4]], [[0, 1, 2, 4]]], [[[0, 1, 2, 3, 4]], [[0, 1, 2, 3, 4], [1, 0, 2, 3, 4]], []], [[[0, 1, 2, 4, 3]], [], [[0, 4, 1, 2], [0, 4, 2, 1]]], [[], [[0, 2, 1, 3, 4]], [[0, 4, 1, 2], [0, 2, 4, 1]]]]
[[[[0, 0, 1, 2, 1]], [[2, 2, 2, 2, 1]], []], [[[2, 0, 0, 0, 1]], [], [[1, 1, 2, 1]]], [[], [[1, 2, 2, 2, 1]], [[1, 1, 0, 0]]], [[[2, 2, 0, 1, 1], [0, 0, 1, 0, 1]], [[0, 0, 0, 0, 1]], []], [[], [[1, 2, 2, 2, 1], [0, 0, 0, 0, 1]], [[1, 1, 0, 0]]], [[[2, 1, 1, 0, 1], [0, 0, 0, 1, 2]], [], [[0, 0, 0, 1]]], [[[2, 2, 2, 0, 1]], [[2, 0, 0, 0, 1]], [[1, 0, 1, 1]]], [[[2, 1, 2, 2, 1]], [[1, 1, 2, 2, 1], [2, 2, 2, 2, 1]], []], [[[0, 0, 2, 1, 2]], [], [[1, 1, 2, 1], [1, 1, 2, 2]]], [[], [[2, 2, 2, 2, 1]], [[1, 1, 0, 0], [1, 1, 1, 2]]]]
[[[[0, 0, 1, 0, 0]], [[0, 1, 1, 0, 0]], []], [[[0, 1, 0, 1, 0]], [], [[0, 2, 1, 2]]], [[], [[0, 1, 1, 0, 0]], [[0, 0, 0, 1]]], [[[0, 1, 0, 2, 1], [0, 0, 1, 1, 0]], [[0, 0, 1, 1, 2]], []], [[], [[0, 1, 1, 0, 0], [0, 0, 1, 1, 0]], [[0, 2, 0, 1]]], [[[0, 1, 1, 0, 0], [0, 1, 0, 0, 0]], [], [[0, 0, 1, 0]]], [[[0, 1, 0, 0, 0]], [[1, 0, 0, 1, 0]], [[0, 1, 2, 2]]], [[[0, 1, 1, 0, 0]], [[0, 1, 1, 0, 0], [1, 0, 1, 0, 0]], []], [[[0, 1, 1, 2, 0]], [], [[0, 0, 1, 2], [0, 0, 1, 1]]], [[], [[0, 1, 1, 0, 0]], [[0, 0, 1, 0], [0, 2, 0, 1]]]]
[[[[5, 127, 134, 149, 309]], [[6, 212, 245, 336, 347]], []], [[[22, 53, 162, 206, 286]], [], [[13, 157, 341, 368]]], [[], [[8, 171, 310, 334, 349]], [[1, 259, 341, 350]]], [[[26, 128, 141, 171, 227], [30, 128, 139, 215, 290]], [[15, 173, 260, 323, 361]], []], [[], [[40, 204, 261, 290, 301], [20, 110, 254, 285, 337]], [[15, 184, 233, 270]]], [[[30, 58, 77, 164, 201], [33, 91, 163, 203, 277]], [], [[67, 197, 294, 326]]], [[[18, 80, 228, 245, 249]], [[47, 149, 182, 318, 339]], [[31, 77, 105, 178]]], [[[14, 90, 164, 234, 288]], [[22, 68, 102, 286, 297], [39, 190, 318, 381, 392]], []], [[[36, 45, 118, 124, 143]], [], [[27, 213, 349, 372], [33, 266, 298, 365]]], [[], [[66, 94, 253, 288, 299]], [[45, 273, 303, 337], [29, 107, 319, 357]]]]

4510 2926.7 √
[6, 6, 6] [8, 5, 2]
[[[[0, 2, 1, 3, 4]], [[0, 2, 1, 3, 4]], []], [[[0, 1, 2, 3, 4]], [], [[0, 4, 1, 2]]], [[], [[0, 1, 2, 3, 4]], [[0, 4, 2, 1]]], [[[0, 1, 2, 4, 3], [0, 2, 1, 3, 4]], [[0, 2, 1, 3, 4]], []], [[], [[0, 2, 1, 3, 4], [0, 2, 1, 3, 4]], [[0, 4, 2, 1]]], [[[0, 1, 3, 2, 4], [0, 1, 2, 4, 3]], [], [[0, 2, 1, 4]]], [[[0, 1, 3, 2, 4]], [[1, 0, 2, 3, 4]], [[0, 1, 2, 4]]], [[[0, 1, 2, 3, 4]], [[0, 1, 2, 3, 4], [1, 0, 2, 3, 4]], []], [[[0, 1, 2, 4, 3]], [], [[0, 4, 1, 2], [0, 4, 2, 1]]], [[], [[0, 2, 1, 3, 4]], [[0, 4, 1, 2], [0, 2, 4, 1]]]]
[[[[0, 0, 1, 2, 1]], [[2, 2, 2, 2, 1]], []], [[[2, 0, 0, 0, 1]], [], [[1, 1, 2, 1]]], [[], [[1, 2, 2, 2, 1]], [[1, 1, 0, 0]]], [[[2, 2, 0, 1, 1], [0, 0, 1, 0, 1]], [[0, 0, 0, 0, 1]], []], [[], [[1, 2, 2, 2, 1], [0, 0, 0, 0, 1]], [[1, 1, 0, 0]]], [[[2, 1, 1, 0, 1], [0, 0, 0, 1, 2]], [], [[0, 0, 0, 1]]], [[[1, 2, 2, 0, 1]], [[2, 0, 0, 0, 1]], [[1, 0, 1, 1]]], [[[2, 1, 2, 2, 1]], [[1, 1, 2, 2, 1], [2, 2, 2, 2, 1]], []], [[[0, 0, 2, 1, 2]], [], [[1, 1, 2, 1], [1, 1, 2, 2]]], [[], [[2, 2, 0, 2, 1]], [[1, 1, 0, 0], [1, 1, 1, 2]]]]
[[[[0, 0, 1, 0, 0]], [[0, 1, 1, 0, 0]], []], [[[0, 1, 0, 1, 0]], [], [[0, 2, 1, 2]]], [[], [[0, 1, 1, 0, 0]], [[0, 0, 0, 1]]], [[[0, 1, 0, 2, 1], [0, 0, 1, 1, 0]], [[0, 0, 1, 1, 2]], []], [[], [[0, 1, 1, 0, 0], [0, 0, 1, 1, 0]], [[0, 2, 0, 1]]], [[[0, 1, 1, 0, 0], [0, 1, 0, 0, 0]], [], [[0, 0, 1, 0]]], [[[0, 1, 0, 0, 0]], [[1, 0, 0, 1, 0]], [[0, 1, 2, 2]]], [[[0, 1, 1, 0, 0]], [[0, 1, 1, 0, 0], [1, 0, 1, 0, 0]], []], [[[0, 1, 1, 2, 0]], [], [[0, 0, 1, 2], [0, 0, 1, 1]]], [[], [[0, 1, 1, 0, 0]], [[0, 0, 1, 0], [0, 2, 0, 1]]]]
[[[[5, 127, 136, 145, 308]], [[6, 208, 241, 328, 342]], []], [[[18, 53, 158, 202, 288]], [], [[22, 159, 333, 363]]], [[], [[8, 167, 302, 326, 344]], [[1, 261, 339, 348]]], [[[22, 124, 137, 173, 229], [30, 128, 141, 211, 292]], [[15, 169, 262, 321, 356]], []], [[], [[49, 200, 249, 278, 336], [20, 110, 256, 274, 338]], [[24, 186, 229, 283]]], [[[26, 67, 97, 160, 203], [33, 91, 159, 205, 265]], [], [[67, 193, 292, 325]]], [[[16, 76, 224, 241, 251]], [[43, 145, 178, 316, 340]], [[40, 77, 114, 180]]], [[[14, 90, 160, 230, 290]], [[31, 77, 98, 274, 298], [35, 186, 310, 373, 384]], []], [[[36, 45, 114, 126, 139]], [], [[36, 215, 341, 365], [42, 268, 290, 357]]], [[], [[62, 90, 250, 276, 300]], [[54, 275, 301, 335], [38, 116, 318, 349]]]]

4480 2937.5 √
[6, 6, 6] [8, 5, 2]
[[[[0, 2, 1, 3, 4]], [[0, 2, 1, 3, 4]], []], [[[0, 1, 2, 3, 4]], [], [[0, 4, 1, 2]]], [[], [[0, 1, 2, 3, 4]], [[0, 4, 2, 1]]], [[[0, 1, 2, 4, 3], [0, 2, 1, 3, 4]], [[0, 2, 1, 3, 4]], []], [[], [[0, 2, 1, 3, 4], [0, 2, 1, 3, 4]], [[0, 4, 2, 1]]], [[[0, 1, 3, 2, 4], [0, 1, 2, 4, 3]], [], [[0, 2, 1, 4]]], [[[0, 1, 3, 2, 4]], [[1, 0, 2, 3, 4]], [[0, 1, 2, 4]]], [[[0, 1, 2, 3, 4]], [[0, 1, 2, 3, 4], [1, 0, 2, 3, 4]], []], [[[0, 1, 2, 4, 3]], [], [[0, 4, 1, 2], [0, 4, 2, 1]]], [[], [[0, 2, 1, 3, 4]], [[0, 4, 1, 2], [0, 2, 4, 1]]]]
[[[[0, 0, 1, 2, 1]], [[2, 2, 2, 2, 1]], []], [[[2, 0, 0, 0, 1]], [], [[1, 1, 2, 1]]], [[], [[1, 2, 2, 2, 1]], [[1, 1, 0, 0]]], [[[2, 2, 0, 1, 1], [0, 0, 1, 0, 1]], [[0, 0, 0, 0, 1]], []], [[], [[1, 2, 2, 2, 1], [0, 0, 0, 0, 1]], [[1, 1, 0, 0]]], [[[2, 1, 1, 0, 1], [0, 0, 0, 1, 2]], [], [[0, 0, 0, 1]]], [[[1, 2, 2, 0, 1]], [[2, 0, 0, 0, 1]], [[1, 0, 1, 1]]], [[[2, 1, 2, 2, 1]], [[1, 1, 2, 2, 1], [2, 2, 2, 2, 1]], []], [[[0, 0, 2, 1, 2]], [], [[1, 1, 2, 1], [1, 1, 2, 2]]], [[], [[2, 2, 0, 2, 1]], [[1, 1, 0, 0], [1, 1, 1, 2]]]]
[[[[0, 0, 1, 0, 0]], [[0, 1, 1, 0, 0]], []], [[[0, 1, 0, 1, 0]], [], [[0, 2, 1, 2]]], [[], [[0, 1, 1, 0, 0]], [[0, 0, 0, 1]]], [[[0, 1, 0, 2, 1], [0, 0, 1, 1, 0]], [[0, 0, 1, 1, 2]], []], [[], [[0, 1, 1, 0, 0], [0, 0, 1, 1, 0]], [[0, 2, 0, 1]]], [[[0, 1, 1, 0, 0], [0, 1, 0, 0, 0]], [], [[0, 0, 1, 0]]], [[[0, 1, 0, 0, 0]], [[1, 0, 0, 1, 0]], [[0, 1, 2, 2]]], [[[0, 1, 1, 0, 0]], [[0, 1, 1, 0, 0], [1, 0, 1, 0, 0]], []], [[[0, 1, 1, 2, 0]], [], [[0, 0, 1, 2], [0, 0, 1, 1]]], [[], [[0, 1, 1, 0, 0]], [[0, 0, 1, 0], [0, 2, 0, 1]]]]
[[[[5, 127, 136, 145, 308]], [[6, 208, 241, 324, 340]], []], [[[18, 53, 158, 202, 288]], [], [[22, 159, 329, 363]]], [[], [[8, 167, 288, 322, 342]], [[1, 261, 339, 348]]], [[[22, 124, 137, 173, 229], [30, 128, 141, 211, 292]], [[15, 169, 262, 321, 356]], []], [[], [[49, 200, 249, 278, 344], [20, 110, 256, 274, 336]], [[24, 186, 229, 283]]], [[[26, 67, 97, 160, 203], [33, 91, 159, 205, 265]], [], [[67, 193, 292, 325]]], [[[16, 76, 224, 241, 251]], [[43, 145, 178, 316, 338]], [[40, 77, 114, 180]]], [[[14, 90, 160, 230, 290]], [[31, 77, 98, 274, 298], [35, 186, 296, 369, 380]], []], [[[36, 45, 114, 126, 139]], [], [[36, 215, 337, 365], [42, 268, 309, 353]]], [[], [[62, 90, 250, 276, 300]], [[54, 275, 301, 335], [38, 116, 318, 345]]]]

624.953125