5479 2579.1 √
[5, 5, 5] [2, 5, 8]
[[[[0, 1, 2, 4, 3]], [[1, 0, 2, 3, 4]], []], [[[0, 1, 3, 2, 4]], [], [[0, 1, 4, 2]]], [[], [[1, 0, 2, 3, 4]], [[0, 4, 1, 2]]], [[[0, 2, 1, 3, 4], [0, 2, 1, 3, 4]], [[1, 0, 2, 3, 4]], []], [[], [[0, 1, 2, 3, 4], [0, 2, 1, 3, 4]], [[0, 2, 4, 1]]], [[[0, 2, 1, 3, 4], [0, 1, 3, 2, 4]], [], [[0, 1, 4, 2]]], [[[0, 1, 2, 3, 4]], [[0, 1, 2, 3, 4]], [[0, 2, 4, 1]]], [[[0, 1, 2, 3, 4]], [[0, 2, 1, 3, 4], [1, 0, 2, 3, 4]], []], [[[0, 1, 2, 4, 3]], [], [[0, 2, 4, 1], [0, 2, 1, 4]]], [[], [[0, 2, 1, 3, 4]], [[0, 2, 4, 1], [0, 2, 4, 1]]]]
[[[[0, 0, 0, 1, 0]], [[0, 0, 0, 2, 1]], []], [[[2, 1, 0, 0, 1]], [], [[2, 1, 1, 2]]], [[], [[2, 2, 2, 0, 1]], [[0, 1, 0, 0]]], [[[2, 2, 2, 1, 1], [2, 2, 2, 0, 1]], [[1, 1, 2, 2, 1]], []], [[], [[2, 2, 2, 0, 1], [2, 2, 2, 2, 1]], [[0, 0, 1, 1]]], [[[1, 2, 1, 1, 1], [2, 2, 1, 1, 1]], [], [[1, 1, 1, 1]]], [[[2, 0, 0, 2, 1]], [[2, 2, 2, 2, 1]], [[0, 1, 1, 2]]], [[[0, 2, 2, 2, 1]], [[2, 2, 1, 2, 1], [0, 0, 2, 2, 1]], []], [[[0, 1, 1, 1, 0]], [], [[1, 1, 1, 2], [0, 0, 1, 1]]], [[], [[0, 0, 0, 0, 1]], [[2, 2, 1, 0], [0, 0, 1, 0]]]]
[[[[0, 1, 0, 2, 1]], [[1, 0, 0, 0, 0]], []], [[[0, 1, 1, 0, 0]], [], [[0, 1, 0, 1]]], [[], [[1, 0, 1, 1, 0]], [[0, 0, 1, 0]]], [[[0, 1, 1, 1, 0], [0, 1, 1, 1, 2]], [[1, 0, 1, 0, 0]], []], [[], [[0, 1, 1, 1, 0], [0, 1, 1, 0, 0]], [[0, 0, 0, 1]]], [[[0, 1, 1, 1, 0], [0, 1, 1, 2, 2]], [], [[0, 1, 2, 2]]], [[[0, 1, 0, 0, 2]], [[0, 1, 1, 0, 0]], [[0, 2, 0, 1]]], [[[0, 1, 1, 0, 0]], [[0, 1, 1, 0, 0], [1, 0, 1, 0, 0]], []], [[[0, 1, 2, 2, 1]], [], [[0, 2, 0, 1], [0, 0, 1, 0]]], [[], [[0, 0, 1, 1, 0]], [[0, 1, 0, 1], [0, 0, 0, 1]]]]
[[[[5, 129, 198, 249, 253]], [[24, 147, 219, 379, 392]], []], [[[2, 69, 115, 200, 267]], [], [[203, 224, 324, 356]]], [[], [[49, 212, 318, 344, 396]], [[316, 338, 378, 405]]], [[[6, 99, 141, 151, 263], [10, 102, 148, 161, 205]], [[5, 97, 162, 296, 307]], []], [[], [[20, 232, 343, 369, 390], [26, 170, 240, 298, 388]], [[11, 292, 317, 353]]], [[[87, 105, 112, 165, 265], [64, 115, 158, 193, 250]], [], [[22, 34, 130, 182]]], [[[68, 103, 199, 221, 251]], [[32, 126, 280, 381, 398]], [[36, 139, 295, 363]]], [[[46, 84, 194, 256, 269]], [[38, 178, 214, 300, 384], [60, 281, 310, 383, 394]], []], [[[49, 64, 195, 248, 262]], [], [[24, 53, 279, 328], [72, 327, 362, 408]]], [[], [[84, 181, 304, 338, 386]], [[73, 268, 288, 387], [92, 207, 331, 353]]]]

4802 2950.7000000000003 √
[1, 5, 5] [6, 5, 8]
[[[[0, 1, 2, 4, 3]], [[1, 0, 2, 3, 4]], []], [[[0, 1, 3, 2, 4]], [], [[0, 4, 2, 1]]], [[], [[1, 0, 2, 3, 4]], [[0, 1, 2, 4]]], [[[0, 2, 1, 3, 4], [0, 2, 1, 3, 4]], [[1, 0, 2, 3, 4]], []], [[], [[0, 1, 2, 3, 4], [0, 2, 1, 3, 4]], [[0, 2, 4, 1]]], [[[0, 2, 1, 3, 4], [0, 1, 2, 3, 4]], [], [[0, 4, 1, 2]]], [[[0, 1, 3, 2, 4]], [[1, 0, 2, 3, 4]], [[0, 1, 4, 2]]], [[[0, 1, 2, 4, 3]], [[0, 2, 1, 3, 4], [1, 0, 2, 3, 4]], []], [[[0, 1, 3, 2, 4]], [], [[0, 4, 2, 1], [0, 2, 4, 1]]], [[], [[0, 1, 2, 3, 4]], [[0, 1, 4, 2], [0, 2, 4, 1]]]]
[[[[0, 0, 2, 1, 0]], [[0, 0, 0, 0, 1]], []], [[[2, 2, 0, 0, 1]], [], [[0, 1, 2, 2]]], [[], [[2, 2, 2, 2, 1]], [[0, 2, 2, 1]]], [[[2, 2, 2, 1, 1], [2, 2, 2, 1, 1]], [[1, 1, 2, 2, 1]], []], [[], [[2, 2, 0, 0, 1], [2, 2, 2, 2, 1]], [[0, 0, 1, 1]]], [[[1, 2, 1, 1, 1], [2, 2, 0, 0, 1]], [], [[1, 1, 1, 1]]], [[[2, 0, 2, 1, 1]], [[1, 1, 2, 2, 1]], [[0, 0, 1, 2]]], [[[0, 1, 1, 1, 0]], [[2, 2, 1, 2, 1], [0, 0, 2, 2, 1]], []], [[[0, 1, 1, 1, 1]], [], [[1, 1, 2, 2], [0, 0, 1, 2]]], [[], [[0, 2, 0, 0, 1]], [[2, 2, 1, 2], [0, 0, 1, 0]]]]
[[[[0, 1, 1, 2, 1]], [[1, 0, 0, 1, 0]], []], [[[0, 1, 1, 0, 0]], [], [[0, 2, 1, 1]]], [[], [[1, 0, 1, 0, 0]], [[0, 1, 1, 0]]], [[[0, 1, 1, 1, 2], [0, 1, 1, 1, 2]], [[1, 0, 1, 0, 0]], []], [[], [[0, 1, 0, 1, 0], [0, 1, 1, 0, 0]], [[0, 0, 0, 1]]], [[[0, 1, 1, 1, 0], [0, 1, 0, 1, 2]], [], [[0, 2, 1, 2]]], [[[0, 1, 0, 2, 2]], [[1, 0, 1, 0, 0]], [[0, 1, 0, 1]]], [[[0, 1, 2, 0, 1]], [[0, 1, 1, 0, 0], [1, 0, 1, 0, 0]], []], [[[0, 1, 1, 2, 0]], [], [[0, 2, 1, 1], [0, 0, 0, 1]]], [[], [[0, 1, 0, 1, 0]], [[0, 1, 0, 1], [0, 0, 0, 1]]]]
[[[[5, 122, 178, 231, 281]], [[24, 157, 236, 374, 394]], []], [[[2, 95, 108, 217, 248]], [], [[11, 71, 286, 334]]], [[], [[43, 192, 306, 358, 396]], [[296, 342, 390, 410]]], [[[6, 82, 109, 148, 232], [10, 85, 116, 169, 207]], [[5, 121, 134, 271, 282]], []], [[], [[20, 212, 334, 350, 371], [26, 142, 220, 273, 369]], [[36, 251, 299, 321]]], [[[25, 79, 92, 155, 250], [58, 102, 149, 180, 229]], [], [[31, 65, 137, 186]]], [[[62, 130, 201, 217, 230]], [[45, 125, 255, 360, 373]], [[41, 167, 292, 319]]], [[[51, 102, 197, 244, 272]], [[32, 150, 262, 278, 365], [65, 262, 298, 362, 375]], []], [[[54, 97, 162, 219, 246]], [], [[33, 77, 233, 326], [77, 307, 354, 377]]], [[], [[89, 162, 200, 318, 367]], [[67, 240, 347, 370], [97, 224, 306, 359]]]]

5219 2581.2 √
[5, 5, 5] [2, 5, 8]
[[[[0, 1, 2, 4, 3]], [[1, 0, 2, 3, 4]], []], [[[0, 1, 3, 2, 4]], [], [[0, 1, 4, 2]]], [[], [[1, 0, 2, 3, 4]], [[0, 4, 1, 2]]], [[[0, 2, 1, 3, 4], [0, 2, 1, 3, 4]], [[1, 0, 2, 3, 4]], []], [[], [[0, 1, 2, 3, 4], [0, 2, 1, 3, 4]], [[0, 2, 4, 1]]], [[[0, 2, 1, 3, 4], [0, 1, 3, 2, 4]], [], [[0, 1, 4, 2]]], [[[0, 1, 2, 3, 4]], [[0, 1, 2, 3, 4]], [[0, 2, 4, 1]]], [[[0, 1, 2, 3, 4]], [[0, 2, 1, 3, 4], [1, 0, 2, 3, 4]], []], [[[0, 1, 2, 4, 3]], [], [[0, 2, 4, 1], [0, 2, 1, 4]]], [[], [[0, 2, 1, 3, 4]], [[0, 2, 4, 1], [0, 2, 4, 1]]]]
[[[[0, 0, 0, 1, 0]], [[0, 0, 0, 2, 1]], []], [[[2, 1, 0, 0, 1]], [], [[2, 1, 1, 2]]], [[], [[2, 2, 2, 0, 1]], [[0, 1, 0, 0]]], [[[2, 2, 2, 1, 1], [2, 2, 2, 0, 1]], [[1, 1, 2, 2, 1]], []], [[], [[2, 2, 2, 0, 1], [2, 2, 2, 2, 1]], [[0, 0, 1, 1]]], [[[1, 2, 1, 1, 1], [2, 2, 1, 1, 1]], [], [[1, 1, 1, 1]]], [[[2, 0, 0, 2, 1]], [[2, 2, 2, 2, 1]], [[0, 1, 1, 2]]], [[[0, 0, 2, 2, 1]], [[2, 2, 1, 2, 1], [0, 0, 2, 2, 1]], []], [[[0, 1, 1, 1, 0]], [], [[1, 1, 1, 2], [0, 0, 1, 1]]], [[], [[0, 0, 0, 0, 1]], [[2, 2, 1, 0], [0, 0, 1, 0]]]]
[[[[0, 1, 0, 2, 1]], [[1, 0, 0, 0, 0]], []], [[[0, 1, 1, 0, 0]], [], [[0, 1, 0, 1]]], [[], [[1, 0, 1, 1, 0]], [[0, 0, 1, 0]]], [[[0, 1, 1, 1, 0], [0, 1, 1, 1, 2]], [[1, 0, 1, 0, 0]], []], [[], [[0, 1, 1, 1, 0], [0, 1, 1, 0, 0]], [[0, 0, 0, 1]]], [[[0, 1, 1, 1, 0], [0, 1, 1, 2, 2]], [], [[0, 1, 2, 2]]], [[[0, 1, 0, 0, 2]], [[0, 1, 1, 0, 0]], [[0, 2, 0, 1]]], [[[0, 1, 1, 0, 0]], [[0, 1, 1, 0, 0], [1, 0, 1, 0, 0]], []], [[[0, 1, 2, 2, 1]], [], [[0, 2, 0, 1], [0, 0, 1, 0]]], [[], [[0, 0, 1, 1, 0]], [[0, 1, 0, 1], [0, 0, 0, 1]]]]
[[[[5, 137, 202, 244, 248]], [[24, 155, 223, 369, 385]], []], [[[2, 69, 123, 204, 262]], [], [[193, 219, 316, 346]]], [[], [[49, 202, 308, 338, 389]], [[311, 331, 371, 398]]], [[[6, 85, 131, 146, 258], [10, 88, 138, 165, 200]], [[5, 97, 152, 286, 299]], []], [[], [[20, 222, 333, 362, 383], [26, 160, 230, 288, 381]], [[11, 287, 309, 346]]], [[[87, 95, 112, 160, 260], [64, 105, 153, 188, 245]], [], [[22, 34, 130, 177]]], [[[68, 103, 203, 211, 246]], [[32, 116, 270, 371, 391]], [[36, 139, 288, 353]]], [[[46, 111, 184, 246, 264]], [[38, 168, 209, 290, 377], [60, 276, 300, 373, 387]], []], [[[49, 64, 190, 243, 257]], [], [[24, 53, 274, 318], [72, 322, 355, 401]]], [[], [[84, 185, 299, 333, 379]], [[73, 258, 281, 380], [92, 211, 323, 347]]]]

5023 2920.8 √
[1, 5, 5] [6, 5, 8]
[[[[0, 1, 2, 4, 3]], [[1, 0, 2, 3, 4]], []], [[[0, 1, 3, 2, 4]], [], [[0, 4, 2, 1]]], [[], [[1, 0, 2, 3, 4]], [[0, 1, 2, 4]]], [[[0, 2, 1, 3, 4], [0, 2, 1, 3, 4]], [[1, 0, 2, 3, 4]], []], [[], [[0, 1, 2, 3, 4], [0, 2, 1, 3, 4]], [[0, 2, 4, 1]]], [[[0, 2, 1, 3, 4], [0, 1, 2, 3, 4]], [], [[0, 4, 1, 2]]], [[[0, 1, 3, 2, 4]], [[1, 0, 2, 3, 4]], [[0, 1, 4, 2]]], [[[0, 1, 2, 4, 3]], [[0, 2, 1, 3, 4], [1, 0, 2, 3, 4]], []], [[[0, 1, 3, 2, 4]], [], [[0, 4, 2, 1], [0, 2, 4, 1]]], [[], [[0, 1, 2, 3, 4]], [[0, 1, 4, 2], [0, 2, 4, 1]]]]
[[[[0, 0, 2, 1, 0]], [[0, 0, 0, 0, 1]], []], [[[2, 2, 0, 0, 1]], [], [[0, 1, 2, 2]]], [[], [[2, 2, 2, 2, 1]], [[0, 2, 2, 1]]], [[[2, 2, 2, 1, 1], [2, 2, 2, 1, 1]], [[1, 1, 2, 2, 1]], []], [[], [[2, 2, 0, 0, 1], [2, 2, 2, 2, 1]], [[0, 0, 1, 1]]], [[[1, 2, 1, 1, 1], [2, 2, 0, 0, 1]], [], [[1, 1, 1, 1]]], [[[2, 0, 2, 1, 1]], [[1, 1, 2, 2, 1]], [[0, 0, 1, 2]]], [[[0, 1, 1, 1, 0]], [[2, 2, 1, 2, 1], [0, 0, 2, 2, 1]], []], [[[0, 1, 1, 1, 1]], [], [[1, 1, 2, 2], [0, 0, 1, 2]]], [[], [[0, 2, 0, 0, 1]], [[2, 2, 1, 2], [0, 0, 1, 0]]]]
[[[[0, 1, 1, 2, 1]], [[1, 0, 0, 1, 0]], []], [[[0, 1, 1, 0, 0]], [], [[0, 2, 1, 1]]], [[], [[1, 0, 1, 0, 0]], [[0, 1, 1, 0]]], [[[0, 1, 1, 1, 2], [0, 1, 1, 1, 2]], [[1, 0, 1, 0, 0]], []], [[], [[0, 1, 0, 1, 0], [0, 1, 1, 0, 0]], [[0, 0, 0, 1]]], [[[0, 1, 1, 1, 0], [0, 1, 0, 1, 2]], [], [[0, 2, 1, 2]]], [[[0, 1, 0, 2, 2]], [[1, 0, 1, 0, 0]], [[0, 1, 0, 1]]], [[[0, 1, 2, 0, 1]], [[0, 1, 1, 0, 0], [1, 0, 1, 0, 0]], []], [[[0, 1, 1, 2, 0]], [], [[0, 2, 1, 1], [0, 0, 0, 1]]], [[], [[0, 1, 0, 1, 0]], [[0, 1, 0, 1], [0, 0, 0, 1]]]]
[[[[5, 130, 182, 231, 289]], [[24, 165, 244, 382, 402]], []], [[[2, 103, 116, 225, 248]], [], [[11, 71, 287, 335]]], [[], [[43, 196, 307, 369, 404]], [[304, 343, 393, 414]]], [[[6, 90, 117, 148, 232], [10, 93, 124, 169, 207]], [[5, 121, 138, 275, 286]], []], [[], [[20, 216, 342, 358, 378], [26, 146, 224, 277, 373]], [[36, 259, 303, 332]]], [[[25, 59, 92, 155, 250], [69, 110, 157, 188, 229]], [], [[31, 65, 137, 186]]], [[[73, 138, 205, 217, 230]], [[45, 125, 259, 371, 382]], [[41, 175, 296, 320]]], [[[51, 102, 197, 244, 280]], [[32, 154, 262, 279, 369], [65, 270, 299, 373, 384]], []], [[[54, 97, 162, 219, 246]], [], [[33, 77, 237, 327], [77, 315, 358, 380]]], [[], [[89, 166, 208, 326, 371]], [[78, 244, 317, 356], [97, 232, 310, 367]]]]

5023 2920.8 √
[1, 5, 5] [6, 5, 8]
[[[[0, 1, 2, 4, 3]], [[1, 0, 2, 3, 4]], []], [[[0, 1, 3, 2, 4]], [], [[0, 4, 2, 1]]], [[], [[1, 0, 2, 3, 4]], [[0, 1, 2, 4]]], [[[0, 2, 1, 3, 4], [0, 2, 1, 3, 4]], [[1, 0, 2, 3, 4]], []], [[], [[0, 1, 2, 3, 4], [0, 2, 1, 3, 4]], [[0, 2, 4, 1]]], [[[0, 2, 1, 3, 4], [0, 1, 2, 3, 4]], [], [[0, 4, 1, 2]]], [[[0, 1, 3, 2, 4]], [[1, 0, 2, 3, 4]], [[0, 1, 4, 2]]], [[[0, 1, 2, 4, 3]], [[0, 2, 1, 3, 4], [1, 0, 2, 3, 4]], []], [[[0, 1, 3, 2, 4]], [], [[0, 4, 2, 1], [0, 2, 4, 1]]], [[], [[0, 1, 2, 3, 4]], [[0, 1, 4, 2], [0, 2, 4, 1]]]]
[[[[0, 0, 2, 1, 0]], [[0, 0, 0, 0, 1]], []], [[[2, 2, 0, 0, 1]], [], [[0, 1, 2, 2]]], [[], [[2, 2, 2, 2, 1]], [[0, 2, 2, 1]]], [[[2, 2, 2, 1, 1], [2, 2, 2, 1, 1]], [[1, 1, 2, 2, 1]], []], [[], [[2, 2, 0, 0, 1], [2, 2, 2, 2, 1]], [[0, 0, 1, 1]]], [[[1, 2, 1, 1, 1], [2, 2, 0, 0, 1]], [], [[1, 1, 1, 1]]], [[[2, 0, 2, 1, 1]], [[1, 1, 2, 2, 1]], [[0, 0, 1, 2]]], [[[0, 1, 1, 1, 0]], [[2, 2, 1, 2, 1], [0, 0, 2, 2, 1]], []], [[[0, 1, 1, 1, 1]], [], [[1, 1, 2, 2], [0, 0, 1, 2]]], [[], [[0, 2, 0, 0, 1]], [[2, 2, 1, 2], [0, 0, 1, 0]]]]
[[[[0, 1, 1, 2, 1]], [[1, 0, 0, 1, 0]], []], [[[0, 1, 1, 0, 0]], [], [[0, 2, 1, 1]]], [[], [[1, 0, 1, 0, 0]], [[0, 1, 1, 0]]], [[[0, 1, 1, 1, 2], [0, 1, 1, 1, 2]], [[1, 0, 1, 0, 0]], []], [[], [[0, 1, 0, 1, 0], [0, 1, 1, 0, 0]], [[0, 0, 0, 1]]], [[[0, 1, 1, 1, 0], [0, 1, 0, 1, 2]], [], [[0, 2, 1, 2]]], [[[0, 1, 0, 2, 2]], [[1, 0, 1, 0, 0]], [[0, 1, 0, 1]]], [[[0, 1, 2, 0, 1]], [[0, 1, 1, 0, 0], [1, 0, 1, 0, 0]], []], [[[0, 1, 1, 2, 0]], [], [[0, 2, 1, 1], [0, 0, 0, 1]]], [[], [[0, 1, 0, 1, 0]], [[0, 1, 0, 1], [0, 0, 0, 1]]]]
[[[[5, 130, 182, 231, 289]], [[24, 165, 244, 382, 402]], []], [[[2, 103, 116, 225, 248]], [], [[11, 71, 287, 335]]], [[], [[43, 196, 307, 369, 404]], [[304, 343, 393, 414]]], [[[6, 90, 117, 148, 232], [10, 93, 124, 169, 207]], [[5, 121, 138, 275, 286]], []], [[], [[20, 216, 342, 358, 378], [26, 146, 224, 277, 373]], [[36, 259, 303, 332]]], [[[25, 59, 92, 155, 250], [69, 110, 157, 188, 229]], [], [[31, 65, 137, 186]]], [[[73, 138, 205, 217, 230]], [[45, 125, 259, 371, 382]], [[41, 175, 296, 320]]], [[[51, 102, 197, 244, 280]], [[32, 154, 262, 279, 369], [65, 270, 299, 373, 384]], []], [[[54, 97, 162, 219, 246]], [], [[33, 77, 237, 327], [77, 315, 358, 380]]], [[], [[89, 166, 208, 326, 371]], [[78, 244, 310, 356], [97, 232, 317, 367]]]]

4823 2928.8999999999996 √
[8, 5, 5] [8, 5, 8]
[[[[0, 1, 2, 4, 3]], [[1, 0, 2, 3, 4]], []], [[[0, 1, 3, 2, 4]], [], [[0, 4, 2, 1]]], [[], [[1, 0, 2, 3, 4]], [[0, 1, 2, 4]]], [[[0, 2, 1, 3, 4], [0, 2, 1, 3, 4]], [[1, 0, 2, 3, 4]], []], [[], [[0, 1, 2, 3, 4], [0, 2, 1, 3, 4]], [[0, 2, 4, 1]]], [[[0, 2, 1, 3, 4], [0, 1, 2, 3, 4]], [], [[0, 4, 1, 2]]], [[[0, 1, 3, 2, 4]], [[1, 0, 2, 3, 4]], [[0, 1, 4, 2]]], [[[0, 1, 2, 4, 3]], [[0, 2, 1, 3, 4], [1, 0, 2, 3, 4]], []], [[[0, 1, 3, 2, 4]], [], [[0, 4, 2, 1], [0, 2, 4, 1]]], [[], [[0, 1, 2, 3, 4]], [[0, 1, 4, 2], [0, 2, 4, 1]]]]
[[[[0, 0, 2, 1, 0]], [[0, 0, 0, 0, 1]], []], [[[2, 2, 0, 0, 1]], [], [[0, 1, 2, 2]]], [[], [[2, 2, 2, 2, 1]], [[0, 2, 2, 1]]], [[[2, 2, 2, 1, 1], [2, 2, 2, 1, 1]], [[1, 1, 2, 2, 1]], []], [[], [[2, 2, 0, 0, 1], [2, 2, 2, 2, 1]], [[0, 0, 1, 1]]], [[[1, 2, 1, 1, 1], [2, 2, 0, 0, 1]], [], [[1, 1, 1, 1]]], [[[2, 0, 2, 1, 1]], [[1, 1, 2, 2, 1]], [[0, 0, 1, 2]]], [[[0, 1, 1, 1, 0]], [[2, 2, 1, 2, 1], [0, 0, 2, 2, 1]], []], [[[0, 1, 1, 1, 1]], [], [[1, 1, 2, 2], [0, 0, 1, 2]]], [[], [[0, 2, 0, 0, 1]], [[2, 2, 1, 2], [0, 0, 1, 0]]]]
[[[[0, 1, 1, 2, 1]], [[1, 0, 0, 1, 0]], []], [[[0, 1, 1, 0, 0]], [], [[0, 2, 1, 1]]], [[], [[1, 0, 1, 0, 0]], [[0, 1, 1, 0]]], [[[0, 1, 1, 1, 2], [0, 1, 1, 1, 2]], [[1, 0, 1, 0, 0]], []], [[], [[0, 1, 0, 1, 0], [0, 1, 1, 0, 0]], [[0, 0, 0, 1]]], [[[0, 1, 1, 1, 0], [0, 1, 0, 1, 2]], [], [[0, 2, 1, 2]]], [[[0, 1, 0, 2, 2]], [[1, 0, 1, 0, 0]], [[0, 1, 0, 1]]], [[[0, 1, 2, 0, 1]], [[0, 1, 1, 0, 0], [1, 0, 1, 0, 0]], []], [[[0, 1, 1, 2, 0]], [], [[0, 2, 1, 1], [0, 0, 0, 1]]], [[], [[0, 1, 0, 1, 0]], [[0, 1, 0, 1], [0, 0, 0, 1]]]]
[[[[5, 121, 178, 231, 280]], [[24, 156, 235, 373, 396]], []], [[[2, 95, 107, 216, 248]], [], [[11, 71, 286, 334]]], [[], [[43, 192, 306, 358, 378]], [[295, 342, 390, 410]]], [[[6, 82, 109, 148, 232], [10, 85, 116, 169, 207]], [[5, 121, 134, 271, 282]], []], [[], [[20, 212, 333, 349, 372], [26, 142, 220, 273, 369]], [[36, 250, 299, 321]]], [[[25, 79, 92, 155, 250], [58, 102, 148, 179, 229]], [], [[31, 65, 137, 186]]], [[[62, 129, 201, 217, 230]], [[45, 125, 255, 360, 374]], [[41, 166, 292, 319]]], [[[51, 102, 197, 244, 271]], [[32, 150, 262, 278, 365], [65, 261, 298, 362, 376]], []], [[[54, 97, 162, 219, 246]], [], [[33, 77, 233, 326], [77, 306, 354, 377]]], [[], [[89, 162, 199, 317, 367]], [[67, 240, 347, 370], [97, 223, 306, 358]]]]

594.09375