4502 3372.7 √
[3, 3, 3] [7, 4, 1]
[[[[0, 1, 3, 2, 4]], [[0, 1, 2, 3, 4]], []], [[[0, 1, 2, 4, 3]], [], [[0, 4, 1, 2]]], [[], [[0, 1, 2, 3, 4]], [[0, 2, 4, 1]]], [[[0, 1, 2, 3, 4], [0, 1, 2, 3, 4]], [[1, 0, 2, 3, 4]], []], [[], [[0, 1, 2, 3, 4], [0, 1, 2, 3, 4]], [[0, 1, 2, 4]]], [[[0, 2, 1, 4, 3], [0, 1, 2, 4, 3]], [], [[0, 1, 4, 2]]], [[[0, 2, 1, 4, 3]], [[0, 2, 1, 3, 4]], [[0, 4, 2, 1]]], [[[0, 1, 3, 2, 4]], [[0, 2, 1, 3, 4], [0, 2, 1, 3, 4]], []], [[[0, 1, 3, 2, 4]], [], [[0, 1, 4, 2], [0, 1, 4, 2]]], [[], [[0, 2, 1, 3, 4]], [[0, 4, 1, 2], [0, 1, 4, 2]]]]
[[[[2, 1, 1, 2, 1]], [[2, 2, 2, 2, 1]], []], [[[2, 2, 2, 1, 2]], [], [[1, 1, 2, 2]]], [[], [[1, 1, 2, 2, 1]], [[2, 2, 1, 0]]], [[[2, 1, 0, 2, 1], [1, 2, 1, 1, 1]], [[2, 0, 0, 2, 1]], []], [[], [[0, 0, 2, 2, 1], [2, 0, 0, 2, 1]], [[2, 0, 0, 1]]], [[[1, 0, 0, 1, 1], [1, 0, 0, 1, 0]], [], [[0, 0, 1, 2]]], [[[2, 0, 2, 1, 2]], [[0, 0, 0, 2, 1]], [[2, 1, 0, 0]]], [[[1, 1, 1, 0, 1]], [[2, 2, 2, 2, 1], [2, 2, 0, 0, 1]], []], [[[1, 1, 0, 0, 1]], [], [[2, 1, 1, 1], [0, 0, 1, 1]]], [[], [[1, 1, 0, 2, 1]], [[2, 1, 2, 2], [0, 0, 1, 1]]]]
[[[[0, 1, 1, 1, 2]], [[0, 1, 1, 0, 2]], []], [[[0, 1, 1, 0, 0]], [], [[0, 2, 1, 1]]], [[], [[0, 1, 1, 0, 0]], [[0, 1, 0, 1]]], [[[0, 1, 0, 0, 0], [0, 1, 2, 1, 0]], [[1, 0, 0, 0, 0]], []], [[], [[0, 1, 1, 0, 2], [0, 1, 0, 0, 2]], [[0, 1, 0, 0]]], [[[0, 0, 1, 2, 1], [0, 1, 0, 0, 1]], [], [[0, 1, 0, 1]]], [[[0, 0, 1, 0, 0]], [[0, 0, 1, 0, 0]], [[0, 2, 0, 1]]], [[[0, 1, 1, 0, 0]], [[0, 1, 1, 0, 0], [0, 1, 1, 1, 0]], []], [[[0, 1, 1, 0, 0]], [], [[0, 1, 2, 2], [0, 1, 0, 2]]], [[], [[0, 2, 1, 0, 2]], [[0, 2, 1, 1], [0, 1, 0, 2]]]]
[[[[6, 80, 187, 238, 281]], [[20, 140, 163, 258, 269]], []], [[[2, 122, 179, 216, 249]], [], [[227, 242, 281, 384]]], [[], [[5, 57, 212, 260, 358]], [[11, 225, 322, 357]]], [[[91, 100, 146, 190, 218], [13, 115, 152, 194, 224]], [[35, 91, 243, 276, 291]], []], [[], [[7, 347, 371, 405, 416], [101, 172, 234, 274, 391]], [[27, 63, 275, 308]]], [[[23, 104, 114, 174, 180], [18, 51, 106, 132, 188]], [], [[15, 331, 370, 392]]], [[[62, 105, 129, 222, 265]], [[27, 155, 260, 297, 360]], [[67, 248, 313, 322]]], [[[28, 75, 87, 107, 134]], [[54, 155, 324, 342, 354], [76, 204, 287, 299, 356]], []], [[[33, 70, 126, 208, 220]], [], [[83, 108, 260, 339], [35, 214, 301, 341]]], [[], [[43, 159, 178, 340, 387]], [[86, 254, 302, 315], [40, 72, 315, 343]]]]

4551 3342.6 √
[3, 3, 3] [7, 4, 1]
[[[[0, 1, 3, 2, 4]], [[0, 1, 2, 3, 4]], []], [[[0, 1, 2, 4, 3]], [], [[0, 4, 1, 2]]], [[], [[0, 1, 2, 3, 4]], [[0, 2, 4, 1]]], [[[0, 1, 2, 3, 4], [0, 1, 2, 3, 4]], [[1, 0, 2, 3, 4]], []], [[], [[0, 1, 2, 3, 4], [0, 1, 2, 3, 4]], [[0, 1, 2, 4]]], [[[0, 2, 1, 4, 3], [0, 1, 2, 4, 3]], [], [[0, 1, 4, 2]]], [[[0, 2, 1, 4, 3]], [[0, 2, 1, 3, 4]], [[0, 4, 2, 1]]], [[[0, 1, 3, 2, 4]], [[0, 2, 1, 3, 4], [0, 2, 1, 3, 4]], []], [[[0, 1, 3, 2, 4]], [], [[0, 1, 4, 2], [0, 1, 4, 2]]], [[], [[0, 2, 1, 3, 4]], [[0, 4, 1, 2], [0, 1, 4, 2]]]]
[[[[2, 1, 1, 2, 1]], [[2, 2, 2, 2, 1]], []], [[[2, 2, 2, 1, 2]], [], [[1, 1, 2, 2]]], [[], [[1, 1, 2, 2, 1]], [[2, 2, 1, 0]]], [[[2, 1, 0, 2, 1], [1, 2, 1, 1, 1]], [[2, 0, 0, 2, 1]], []], [[], [[0, 0, 2, 2, 1], [2, 0, 0, 2, 1]], [[0, 0, 0, 1]]], [[[1, 0, 0, 1, 1], [1, 0, 0, 1, 0]], [], [[0, 0, 1, 2]]], [[[2, 0, 2, 1, 2]], [[0, 0, 0, 2, 1]], [[2, 1, 0, 0]]], [[[1, 1, 1, 0, 1]], [[2, 2, 2, 2, 1], [2, 2, 0, 0, 1]], []], [[[1, 1, 0, 0, 1]], [], [[2, 1, 1, 1], [0, 0, 1, 1]]], [[], [[1, 1, 0, 2, 1]], [[2, 1, 2, 2], [0, 0, 1, 1]]]]
[[[[0, 1, 1, 1, 2]], [[0, 1, 1, 0, 2]], []], [[[0, 1, 1, 0, 0]], [], [[0, 2, 1, 1]]], [[], [[0, 1, 1, 0, 0]], [[0, 1, 0, 1]]], [[[0, 1, 0, 0, 0], [0, 1, 2, 1, 0]], [[1, 0, 0, 0, 0]], []], [[], [[0, 1, 1, 0, 2], [0, 1, 0, 0, 2]], [[0, 1, 0, 0]]], [[[0, 0, 1, 2, 1], [0, 1, 0, 0, 1]], [], [[0, 1, 0, 1]]], [[[0, 0, 1, 0, 0]], [[0, 0, 1, 0, 0]], [[0, 2, 0, 1]]], [[[0, 1, 1, 0, 0]], [[0, 1, 1, 0, 0], [0, 1, 1, 1, 0]], []], [[[0, 1, 1, 0, 0]], [], [[0, 1, 2, 2], [0, 1, 0, 2]]], [[], [[0, 2, 1, 0, 2]], [[0, 2, 1, 1], [0, 1, 0, 2]]]]
[[[[6, 80, 187, 234, 281]], [[20, 136, 159, 254, 269]], []], [[[2, 118, 175, 216, 245]], [], [[227, 242, 280, 389]]], [[], [[5, 57, 208, 256, 358]], [[11, 221, 322, 362]]], [[[87, 100, 151, 186, 218], [13, 111, 152, 194, 224]], [[31, 96, 248, 275, 291]], []], [[], [[7, 352, 376, 407, 418], [97, 177, 239, 270, 391]], [[20, 68, 280, 308]]], [[[23, 109, 119, 174, 180], [18, 56, 111, 132, 193]], [], [[15, 336, 370, 394]]], [[[58, 110, 125, 222, 261]], [[32, 160, 265, 296, 360]], [[63, 248, 318, 327]]], [[[28, 75, 87, 112, 134]], [[50, 151, 323, 341, 354], [72, 200, 292, 304, 356]], []], [[[33, 70, 131, 213, 220]], [], [[79, 108, 260, 339], [40, 219, 301, 341]]], [[], [[43, 159, 183, 339, 387]], [[82, 254, 301, 314], [45, 77, 315, 343]]]]

4857 3329.3999999999996 √
[3, 3, 3] [7, 4, 1]
[[[[0, 1, 3, 2, 4]], [[0, 1, 2, 3, 4]], []], [[[0, 1, 2, 4, 3]], [], [[0, 4, 1, 2]]], [[], [[0, 2, 1, 3, 4]], [[0, 1, 4, 2]]], [[[0, 1, 2, 3, 4], [0, 1, 2, 3, 4]], [[1, 0, 2, 3, 4]], []], [[], [[0, 1, 2, 3, 4], [0, 1, 2, 3, 4]], [[0, 1, 2, 4]]], [[[0, 2, 1, 4, 3], [0, 1, 2, 4, 3]], [], [[0, 1, 4, 2]]], [[[0, 2, 1, 4, 3]], [[0, 2, 1, 3, 4]], [[0, 4, 2, 1]]], [[[0, 1, 3, 2, 4]], [[0, 2, 1, 3, 4], [0, 2, 1, 3, 4]], []], [[[0, 1, 3, 2, 4]], [], [[0, 1, 4, 2], [0, 1, 4, 2]]], [[], [[0, 2, 1, 3, 4]], [[0, 4, 1, 2], [0, 1, 4, 2]]]]
[[[[2, 1, 1, 2, 1]], [[2, 2, 2, 2, 1]], []], [[[2, 2, 2, 1, 2]], [], [[1, 1, 2, 2]]], [[], [[1, 1, 2, 2, 1]], [[2, 2, 1, 1]]], [[[2, 1, 0, 2, 1], [1, 2, 1, 1, 1]], [[2, 0, 0, 2, 1]], []], [[], [[0, 0, 2, 2, 1], [2, 0, 0, 2, 1]], [[2, 0, 0, 1]]], [[[1, 0, 0, 1, 1], [0, 0, 0, 1, 0]], [], [[0, 0, 1, 1]]], [[[2, 0, 2, 1, 2]], [[0, 0, 0, 2, 1]], [[2, 1, 0, 0]]], [[[1, 1, 1, 0, 1]], [[2, 2, 2, 2, 1], [2, 2, 0, 0, 1]], []], [[[1, 1, 0, 0, 1]], [], [[2, 1, 1, 1], [0, 0, 1, 1]]], [[], [[1, 1, 2, 2, 1]], [[2, 1, 2, 2], [0, 0, 1, 1]]]]
[[[[0, 1, 1, 1, 2]], [[0, 1, 1, 0, 2]], []], [[[0, 1, 1, 0, 0]], [], [[0, 2, 1, 1]]], [[], [[0, 2, 1, 0, 0]], [[0, 1, 0, 2]]], [[[0, 1, 0, 0, 0], [0, 1, 2, 1, 0]], [[1, 0, 0, 0, 0]], []], [[], [[0, 1, 1, 0, 2], [0, 1, 0, 0, 2]], [[0, 1, 0, 0]]], [[[0, 0, 1, 2, 1], [0, 1, 0, 0, 1]], [], [[0, 1, 0, 2]]], [[[0, 0, 1, 0, 0]], [[0, 0, 1, 0, 0]], [[0, 2, 0, 1]]], [[[0, 1, 1, 0, 0]], [[0, 1, 1, 0, 0], [0, 1, 1, 1, 0]], []], [[[0, 1, 1, 0, 0]], [], [[0, 1, 2, 2], [0, 1, 0, 2]]], [[], [[0, 2, 1, 0, 0]], [[0, 2, 1, 1], [0, 1, 0, 2]]]]
[[[[6, 75, 173, 243, 286]], [[26, 134, 175, 263, 274]], []], [[[2, 116, 165, 209, 254]], [], [[220, 247, 299, 394]]], [[], [[5, 54, 217, 265, 363]], [[11, 227, 327, 350]]], [[[16, 100, 154, 191, 211], [18, 109, 157, 187, 217]], [[41, 99, 253, 281, 296]], []], [[], [[7, 357, 381, 407, 418], [66, 180, 219, 279, 405]], [[33, 71, 285, 320]]], [[[23, 112, 122, 167, 180], [17, 59, 113, 137, 190]], [], [[23, 341, 375, 400]]], [[[74, 114, 123, 213, 270]], [[35, 163, 270, 294, 386]], [[79, 253, 323, 332]]], [[[13, 80, 87, 115, 139]], [[60, 149, 337, 353, 365], [88, 205, 297, 309, 361]], []], [[[28, 70, 134, 210, 215]], [], [[95, 113, 265, 344], [43, 233, 306, 346]]], [[], [[38, 234, 329, 355, 388]], [[98, 259, 307, 320], [48, 80, 313, 348]]]]

3930 3523.7 √
[7, 3, 3] [3, 4, 1]
[[[[0, 1, 2, 4, 3]], [[0, 1, 2, 3, 4]], []], [[[0, 1, 2, 4, 3]], [], [[0, 1, 2, 4]]], [[], [[0, 1, 2, 3, 4]], [[0, 1, 4, 2]]], [[[0, 1, 2, 3, 4], [0, 1, 2, 3, 4]], [[1, 0, 2, 3, 4]], []], [[], [[0, 1, 2, 3, 4], [0, 1, 2, 3, 4]], [[0, 1, 2, 4]]], [[[0, 2, 1, 4, 3], [0, 1, 2, 4, 3]], [], [[0, 1, 4, 2]]], [[[0, 2, 1, 4, 3]], [[0, 2, 1, 3, 4]], [[0, 4, 2, 1]]], [[[0, 1, 3, 2, 4]], [[0, 1, 2, 3, 4], [0, 2, 1, 3, 4]], []], [[[0, 1, 3, 2, 4]], [], [[0, 1, 4, 2], [0, 1, 4, 2]]], [[], [[0, 1, 2, 3, 4]], [[0, 4, 2, 1], [0, 1, 4, 2]]]]
[[[[2, 2, 2, 1, 2]], [[2, 2, 2, 2, 1]], []], [[[2, 2, 2, 1, 2]], [], [[1, 1, 1, 1]]], [[], [[1, 1, 2, 2, 1]], [[2, 2, 1, 2]]], [[[2, 0, 0, 2, 1], [1, 2, 1, 1, 1]], [[2, 0, 0, 0, 1]], []], [[], [[0, 0, 2, 2, 1], [2, 0, 0, 2, 1]], [[2, 0, 0, 1]]], [[[0, 0, 0, 1, 1], [0, 0, 0, 1, 0]], [], [[0, 0, 1, 2]]], [[[2, 0, 2, 1, 2]], [[1, 0, 2, 2, 1]], [[2, 1, 0, 0]]], [[[0, 1, 1, 0, 1]], [[2, 2, 2, 1, 1], [2, 2, 0, 0, 1]], []], [[[1, 1, 0, 0, 1]], [], [[2, 1, 1, 1], [0, 0, 1, 1]]], [[], [[1, 1, 0, 2, 1]], [[2, 1, 2, 2], [0, 0, 1, 1]]]]
[[[[0, 1, 1, 0, 0]], [[0, 1, 1, 0, 0]], []], [[[0, 1, 1, 0, 0]], [], [[0, 1, 2, 2]]], [[], [[0, 1, 1, 0, 0]], [[0, 1, 0, 1]]], [[[0, 1, 0, 0, 0], [0, 1, 2, 1, 0]], [[1, 0, 0, 1, 0]], []], [[], [[0, 1, 1, 0, 2], [0, 1, 0, 0, 2]], [[0, 1, 0, 0]]], [[[0, 0, 1, 2, 1], [0, 1, 0, 0, 1]], [], [[0, 1, 0, 1]]], [[[0, 0, 1, 0, 0]], [[0, 0, 1, 0, 0]], [[0, 2, 0, 1]]], [[[0, 1, 1, 0, 0]], [[0, 1, 1, 1, 0], [0, 1, 1, 1, 0]], []], [[[0, 1, 1, 0, 0]], [], [[0, 1, 2, 2], [0, 1, 0, 2]]], [[], [[0, 1, 0, 0, 2]], [[0, 2, 1, 1], [0, 1, 0, 2]]]]
[[[[6, 109, 171, 206, 248]], [[26, 147, 207, 241, 254]], []], [[[2, 123, 174, 202, 260]], [], [[1, 56, 319, 396]]], [[], [[8, 70, 215, 243, 334]], [[11, 225, 285, 342]]], [[[16, 108, 178, 185, 204], [16, 116, 157, 180, 212]], [[41, 212, 252, 296, 361]], []], [[], [[7, 335, 359, 375, 386], [82, 187, 243, 271, 379]], [[33, 76, 267, 296]]], [[[20, 127, 137, 167, 173], [17, 55, 128, 137, 149]], [], [[26, 67, 271, 337]]], [[[90, 129, 136, 208, 254]], [[26, 225, 288, 314, 332]], [[73, 227, 310, 319]]], [[[46, 90, 102, 130, 139]], [[66, 155, 324, 345, 363], [60, 199, 279, 291, 330]], []], [[[34, 95, 158, 204, 210]], [], [[95, 113, 239, 313], [31, 85, 264, 315]]], [[], [[44, 77, 234, 269, 375]], [[98, 233, 279, 298], [36, 94, 278, 317]]]]

4102 3502.2999999999993 √
[7, 3, 3] [3, 4, 1]
[[[[0, 1, 2, 4, 3]], [[0, 1, 2, 3, 4]], []], [[[0, 1, 2, 4, 3]], [], [[0, 1, 2, 4]]], [[], [[0, 1, 2, 3, 4]], [[0, 1, 4, 2]]], [[[0, 1, 2, 3, 4], [0, 1, 2, 3, 4]], [[1, 0, 2, 3, 4]], []], [[], [[0, 1, 2, 3, 4], [0, 1, 2, 3, 4]], [[0, 1, 2, 4]]], [[[0, 2, 1, 4, 3], [0, 1, 2, 4, 3]], [], [[0, 1, 4, 2]]], [[[0, 2, 1, 4, 3]], [[0, 2, 1, 3, 4]], [[0, 4, 2, 1]]], [[[0, 1, 3, 2, 4]], [[0, 2, 1, 3, 4], [0, 2, 1, 3, 4]], []], [[[0, 1, 3, 2, 4]], [], [[0, 1, 4, 2], [0, 1, 4, 2]]], [[], [[0, 1, 2, 3, 4]], [[0, 4, 2, 1], [0, 1, 4, 2]]]]
[[[[2, 2, 2, 1, 2]], [[2, 2, 2, 2, 1]], []], [[[2, 2, 2, 1, 2]], [], [[1, 1, 1, 1]]], [[], [[1, 1, 2, 2, 1]], [[2, 2, 1, 2]]], [[[2, 0, 0, 2, 1], [1, 2, 1, 1, 1]], [[2, 0, 0, 0, 1]], []], [[], [[0, 0, 2, 2, 1], [2, 0, 0, 2, 1]], [[2, 0, 0, 1]]], [[[1, 0, 0, 1, 1], [0, 0, 0, 1, 0]], [], [[0, 0, 1, 2]]], [[[2, 0, 2, 1, 2]], [[1, 0, 2, 2, 1]], [[2, 1, 0, 0]]], [[[0, 1, 1, 0, 1]], [[2, 2, 2, 1, 1], [2, 2, 0, 0, 1]], []], [[[1, 1, 0, 0, 1]], [], [[2, 1, 1, 1], [0, 0, 1, 1]]], [[], [[1, 1, 0, 2, 1]], [[2, 1, 2, 2], [0, 0, 1, 1]]]]
[[[[0, 1, 1, 0, 0]], [[0, 1, 1, 0, 0]], []], [[[0, 1, 1, 0, 0]], [], [[0, 1, 2, 2]]], [[], [[0, 1, 1, 0, 0]], [[0, 1, 0, 1]]], [[[0, 1, 0, 0, 0], [0, 1, 2, 1, 0]], [[1, 0, 0, 1, 0]], []], [[], [[0, 1, 1, 0, 2], [0, 1, 0, 0, 2]], [[0, 1, 0, 0]]], [[[0, 0, 1, 2, 1], [0, 1, 0, 0, 1]], [], [[0, 1, 0, 1]]], [[[0, 0, 1, 0, 0]], [[0, 0, 1, 0, 0]], [[0, 2, 0, 1]]], [[[0, 1, 1, 0, 0]], [[0, 1, 1, 1, 0], [0, 1, 1, 1, 0]], []], [[[0, 1, 1, 0, 0]], [], [[0, 1, 2, 2], [0, 1, 0, 2]]], [[], [[0, 1, 0, 0, 2]], [[0, 2, 1, 1], [0, 1, 0, 2]]]]
[[[[6, 102, 178, 217, 252]], [[26, 144, 211, 245, 263]], []], [[[2, 116, 175, 196, 264]], [], [[1, 48, 324, 401]]], [[], [[8, 62, 219, 247, 339]], [[11, 229, 294, 343]]], [[[16, 105, 175, 189, 198], [16, 109, 151, 174, 221]], [[41, 209, 251, 328, 366]], []], [[], [[7, 340, 364, 380, 391], [72, 184, 242, 275, 384]], [[33, 73, 266, 301]]], [[[21, 124, 134, 161, 167], [17, 52, 125, 131, 155]], [], [[23, 64, 287, 338]]], [[[80, 126, 133, 215, 258]], [[205, 224, 292, 318, 337]], [[85, 236, 304, 313]]], [[[43, 82, 94, 127, 133]], [[66, 159, 325, 350, 368], [60, 203, 278, 290, 335]], []], [[[26, 87, 146, 201, 219]], [], [[88, 106, 248, 318], [28, 82, 273, 320]]], [[], [[36, 69, 233, 273, 380]], [[91, 242, 283, 302], [33, 91, 280, 322]]]]

4090 3502.8 √
[7, 3, 3] [3, 4, 1]
[[[[0, 1, 2, 4, 3]], [[0, 1, 2, 3, 4]], []], [[[0, 1, 2, 4, 3]], [], [[0, 1, 2, 4]]], [[], [[0, 1, 2, 3, 4]], [[0, 1, 4, 2]]], [[[0, 1, 2, 3, 4], [0, 1, 2, 3, 4]], [[1, 0, 2, 3, 4]], []], [[], [[0, 1, 2, 3, 4], [0, 1, 2, 3, 4]], [[0, 1, 2, 4]]], [[[0, 2, 1, 4, 3], [0, 1, 2, 4, 3]], [], [[0, 1, 4, 2]]], [[[0, 2, 1, 4, 3]], [[0, 2, 1, 3, 4]], [[0, 4, 2, 1]]], [[[0, 1, 3, 2, 4]], [[0, 1, 2, 3, 4], [0, 2, 1, 3, 4]], []], [[[0, 1, 3, 2, 4]], [], [[0, 1, 4, 2], [0, 1, 4, 2]]], [[], [[0, 1, 2, 3, 4]], [[0, 4, 2, 1], [0, 1, 4, 2]]]]
[[[[2, 2, 2, 1, 2]], [[2, 2, 2, 2, 1]], []], [[[2, 2, 2, 1, 2]], [], [[1, 1, 1, 1]]], [[], [[1, 1, 2, 2, 1]], [[2, 2, 1, 2]]], [[[2, 0, 0, 2, 1], [1, 2, 1, 1, 1]], [[2, 0, 0, 0, 1]], []], [[], [[0, 0, 2, 2, 1], [2, 0, 0, 2, 1]], [[2, 0, 0, 1]]], [[[1, 0, 0, 1, 1], [0, 0, 0, 1, 0]], [], [[0, 0, 1, 2]]], [[[2, 0, 2, 1, 2]], [[1, 0, 2, 2, 1]], [[2, 1, 0, 0]]], [[[0, 1, 1, 0, 1]], [[2, 2, 2, 1, 1], [2, 2, 0, 0, 1]], []], [[[1, 1, 0, 0, 1]], [], [[2, 1, 1, 1], [0, 0, 1, 1]]], [[], [[1, 1, 0, 2, 1]], [[2, 1, 2, 2], [0, 0, 1, 1]]]]
[[[[0, 1, 1, 0, 0]], [[0, 1, 1, 0, 0]], []], [[[0, 1, 1, 0, 0]], [], [[0, 1, 2, 2]]], [[], [[0, 1, 1, 0, 0]], [[0, 1, 0, 1]]], [[[0, 1, 0, 0, 0], [0, 1, 2, 1, 0]], [[1, 0, 0, 1, 0]], []], [[], [[0, 1, 1, 0, 2], [0, 1, 0, 0, 2]], [[0, 1, 0, 0]]], [[[0, 0, 1, 2, 1], [0, 1, 0, 0, 1]], [], [[0, 1, 0, 1]]], [[[0, 0, 1, 0, 0]], [[0, 0, 1, 0, 0]], [[0, 2, 0, 1]]], [[[0, 1, 1, 0, 0]], [[0, 1, 1, 1, 0], [0, 1, 1, 1, 0]], []], [[[0, 1, 1, 0, 0]], [], [[0, 1, 2, 2], [0, 1, 0, 2]]], [[], [[0, 1, 0, 0, 2]], [[0, 2, 1, 1], [0, 1, 0, 2]]]]
[[[[6, 102, 168, 215, 245]], [[26, 144, 204, 238, 263]], []], [[[2, 116, 171, 196, 257]], [], [[1, 48, 324, 401]]], [[], [[8, 62, 212, 240, 339]], [[11, 222, 294, 340]]], [[[16, 105, 175, 182, 198], [16, 109, 151, 174, 221]], [[41, 209, 251, 328, 366]], []], [[], [[7, 340, 364, 380, 391], [72, 184, 242, 269, 384]], [[33, 73, 266, 301]]], [[[21, 124, 134, 161, 167], [17, 52, 125, 131, 146]], [], [[23, 64, 280, 335]]], [[[80, 126, 133, 217, 251]], [[205, 224, 286, 312, 337]], [[85, 236, 304, 313]]], [[[43, 82, 94, 127, 133]], [[66, 152, 322, 350, 368], [60, 196, 278, 290, 335]], []], [[[26, 87, 155, 201, 219]], [], [[88, 106, 248, 318], [28, 82, 273, 320]]], [[], [[36, 69, 233, 266, 380]], [[91, 242, 277, 296], [33, 91, 287, 322]]]]

4534 3368.6000000000004 √
[3, 3, 3] [7, 4, 1]
[[[[0, 1, 3, 2, 4]], [[0, 1, 2, 3, 4]], []], [[[0, 1, 2, 4, 3]], [], [[0, 4, 1, 2]]], [[], [[0, 1, 2, 3, 4]], [[0, 2, 4, 1]]], [[[0, 1, 2, 3, 4], [0, 1, 2, 3, 4]], [[1, 0, 2, 3, 4]], []], [[], [[0, 1, 2, 3, 4], [0, 1, 2, 3, 4]], [[0, 1, 2, 4]]], [[[0, 2, 1, 4, 3], [0, 1, 2, 4, 3]], [], [[0, 1, 4, 2]]], [[[0, 2, 1, 4, 3]], [[0, 2, 1, 3, 4]], [[0, 4, 2, 1]]], [[[0, 1, 3, 2, 4]], [[0, 2, 1, 3, 4], [0, 2, 1, 3, 4]], []], [[[0, 1, 3, 2, 4]], [], [[0, 1, 4, 2], [0, 1, 4, 2]]], [[], [[0, 2, 1, 3, 4]], [[0, 4, 1, 2], [0, 1, 4, 2]]]]
[[[[2, 1, 1, 2, 1]], [[2, 2, 2, 2, 1]], []], [[[2, 2, 2, 1, 2]], [], [[1, 1, 2, 2]]], [[], [[1, 1, 2, 2, 1]], [[2, 2, 1, 0]]], [[[2, 1, 0, 2, 1], [1, 2, 1, 1, 1]], [[2, 0, 0, 2, 1]], []], [[], [[0, 0, 2, 2, 1], [2, 0, 0, 2, 1]], [[2, 0, 0, 1]]], [[[1, 0, 0, 1, 1], [1, 0, 0, 1, 0]], [], [[0, 0, 1, 2]]], [[[2, 0, 2, 1, 2]], [[0, 0, 0, 2, 1]], [[2, 1, 0, 0]]], [[[1, 1, 1, 0, 1]], [[2, 2, 2, 2, 1], [2, 2, 0, 0, 1]], []], [[[1, 1, 0, 0, 1]], [], [[2, 1, 1, 1], [0, 0, 1, 1]]], [[], [[1, 1, 0, 2, 1]], [[2, 1, 2, 2], [0, 0, 1, 1]]]]
[[[[0, 1, 1, 1, 2]], [[0, 1, 1, 0, 2]], []], [[[0, 1, 1, 0, 0]], [], [[0, 2, 1, 1]]], [[], [[0, 1, 1, 0, 0]], [[0, 1, 0, 1]]], [[[0, 1, 0, 0, 0], [0, 1, 2, 1, 0]], [[1, 0, 0, 0, 0]], []], [[], [[0, 1, 1, 0, 2], [0, 1, 0, 0, 2]], [[0, 1, 0, 0]]], [[[0, 0, 1, 2, 1], [0, 1, 0, 0, 1]], [], [[0, 1, 0, 1]]], [[[0, 0, 1, 0, 0]], [[0, 0, 1, 0, 0]], [[0, 2, 0, 1]]], [[[0, 1, 1, 0, 0]], [[0, 1, 1, 0, 0], [0, 1, 1, 1, 0]], []], [[[0, 1, 1, 0, 0]], [], [[0, 1, 2, 2], [0, 1, 0, 2]]], [[], [[0, 2, 1, 0, 2]], [[0, 2, 1, 1], [0, 1, 0, 2]]]]
[[[[6, 80, 187, 238, 281]], [[20, 140, 163, 258, 269]], []], [[[2, 122, 179, 216, 249]], [], [[227, 242, 281, 388]]], [[], [[5, 57, 212, 260, 358]], [[11, 225, 322, 361]]], [[[91, 100, 150, 190, 218], [13, 115, 152, 194, 224]], [[35, 95, 247, 276, 291]], []], [[], [[7, 351, 375, 406, 417], [101, 176, 238, 274, 391]], [[27, 67, 279, 308]]], [[[23, 108, 118, 174, 180], [18, 38, 110, 132, 192]], [], [[15, 335, 370, 393]]], [[[62, 109, 129, 222, 265]], [[27, 159, 264, 297, 360]], [[67, 248, 317, 326]]], [[[28, 75, 87, 111, 134]], [[54, 155, 324, 342, 354], [76, 204, 291, 303, 356]], []], [[[33, 70, 130, 212, 220]], [], [[83, 108, 260, 339], [52, 218, 301, 341]]], [[], [[43, 159, 182, 340, 387]], [[86, 254, 302, 315], [57, 76, 315, 343]]]]

3954 3507.8999999999996 √
[7, 3, 3] [3, 4, 1]
[[[[0, 1, 2, 4, 3]], [[0, 1, 2, 3, 4]], []], [[[0, 1, 2, 4, 3]], [], [[0, 1, 2, 4]]], [[], [[0, 1, 2, 3, 4]], [[0, 1, 4, 2]]], [[[0, 1, 2, 3, 4], [0, 1, 2, 3, 4]], [[1, 0, 2, 3, 4]], []], [[], [[0, 1, 2, 3, 4], [0, 1, 2, 3, 4]], [[0, 1, 2, 4]]], [[[0, 2, 1, 4, 3], [0, 1, 2, 4, 3]], [], [[0, 1, 4, 2]]], [[[0, 2, 1, 4, 3]], [[0, 2, 1, 3, 4]], [[0, 4, 2, 1]]], [[[0, 1, 3, 2, 4]], [[0, 1, 2, 3, 4], [0, 2, 1, 3, 4]], []], [[[0, 1, 3, 2, 4]], [], [[0, 1, 4, 2], [0, 1, 4, 2]]], [[], [[0, 1, 2, 3, 4]], [[0, 4, 2, 1], [0, 1, 4, 2]]]]
[[[[2, 2, 2, 1, 2]], [[2, 2, 2, 2, 1]], []], [[[2, 2, 2, 1, 2]], [], [[1, 1, 1, 1]]], [[], [[1, 1, 2, 2, 1]], [[2, 2, 1, 2]]], [[[2, 0, 0, 2, 1], [1, 2, 1, 1, 1]], [[2, 0, 0, 0, 1]], []], [[], [[0, 0, 2, 2, 1], [2, 0, 0, 2, 1]], [[2, 0, 0, 1]]], [[[0, 0, 0, 1, 1], [0, 0, 0, 1, 0]], [], [[0, 0, 1, 2]]], [[[2, 0, 2, 1, 2]], [[1, 0, 2, 2, 1]], [[2, 1, 0, 0]]], [[[0, 1, 1, 0, 1]], [[2, 2, 2, 1, 1], [2, 2, 0, 0, 1]], []], [[[1, 1, 0, 0, 1]], [], [[2, 1, 1, 1], [0, 0, 1, 1]]], [[], [[1, 1, 0, 2, 1]], [[2, 1, 2, 2], [0, 0, 1, 1]]]]
[[[[0, 1, 1, 0, 0]], [[0, 1, 1, 0, 0]], []], [[[0, 1, 1, 0, 0]], [], [[0, 1, 2, 2]]], [[], [[0, 1, 1, 0, 0]], [[0, 1, 0, 1]]], [[[0, 1, 0, 0, 0], [0, 1, 2, 1, 0]], [[1, 0, 0, 1, 0]], []], [[], [[0, 1, 1, 0, 2], [0, 1, 0, 0, 2]], [[0, 1, 0, 0]]], [[[0, 0, 1, 2, 1], [0, 1, 0, 0, 1]], [], [[0, 1, 0, 1]]], [[[0, 0, 1, 0, 0]], [[0, 0, 1, 0, 0]], [[0, 2, 0, 1]]], [[[0, 1, 1, 0, 0]], [[0, 1, 1, 1, 0], [0, 1, 1, 1, 0]], []], [[[0, 1, 1, 0, 0]], [], [[0, 1, 2, 2], [0, 1, 0, 2]]], [[], [[0, 1, 0, 0, 2]], [[0, 2, 1, 1], [0, 1, 0, 2]]]]
[[[[6, 109, 171, 206, 248]], [[26, 147, 207, 241, 254]], []], [[[2, 123, 174, 202, 260]], [], [[1, 56, 319, 402]]], [[], [[8, 70, 215, 243, 334]], [[11, 225, 285, 342]]], [[[16, 108, 178, 185, 204], [16, 116, 157, 180, 212]], [[41, 212, 252, 329, 361]], []], [[], [[7, 341, 365, 381, 392], [82, 187, 243, 271, 379]], [[33, 76, 267, 296]]], [[[20, 127, 137, 167, 173], [17, 55, 128, 137, 149]], [], [[26, 67, 271, 337]]], [[[90, 129, 136, 208, 254]], [[26, 225, 288, 314, 332]], [[73, 227, 305, 314]]], [[[46, 90, 102, 130, 139]], [[66, 155, 324, 345, 363], [60, 199, 279, 291, 330]], []], [[[34, 95, 158, 204, 210]], [], [[95, 113, 239, 313], [31, 85, 264, 315]]], [[], [[44, 77, 234, 269, 375]], [[98, 233, 279, 298], [36, 94, 278, 317]]]]

3908 3551.7 √
[7, 3, 3] [3, 4, 1]
[[[[0, 1, 2, 4, 3]], [[0, 1, 2, 3, 4]], []], [[[0, 1, 2, 4, 3]], [], [[0, 1, 2, 4]]], [[], [[0, 1, 2, 3, 4]], [[0, 1, 4, 2]]], [[[0, 1, 2, 3, 4], [0, 1, 2, 3, 4]], [[1, 0, 2, 3, 4]], []], [[], [[0, 1, 2, 3, 4], [0, 1, 2, 3, 4]], [[0, 1, 2, 4]]], [[[0, 2, 1, 4, 3], [0, 1, 2, 4, 3]], [], [[0, 1, 4, 2]]], [[[0, 2, 1, 4, 3]], [[0, 2, 1, 3, 4]], [[0, 4, 2, 1]]], [[[0, 1, 3, 2, 4]], [[0, 1, 2, 3, 4], [0, 2, 1, 3, 4]], []], [[[0, 1, 3, 2, 4]], [], [[0, 1, 4, 2], [0, 1, 4, 2]]], [[], [[0, 1, 2, 3, 4]], [[0, 4, 2, 1], [0, 1, 4, 2]]]]
[[[[2, 2, 2, 1, 2]], [[2, 2, 2, 2, 1]], []], [[[2, 2, 2, 1, 2]], [], [[1, 1, 1, 1]]], [[], [[1, 1, 2, 2, 1]], [[2, 2, 1, 2]]], [[[2, 0, 0, 2, 1], [1, 2, 1, 1, 1]], [[2, 0, 0, 0, 1]], []], [[], [[0, 0, 2, 2, 1], [2, 0, 0, 2, 1]], [[2, 0, 0, 1]]], [[[0, 0, 0, 1, 1], [0, 0, 0, 1, 0]], [], [[0, 0, 1, 2]]], [[[2, 0, 2, 1, 2]], [[1, 0, 2, 2, 1]], [[2, 1, 0, 0]]], [[[0, 1, 1, 0, 1]], [[2, 2, 2, 1, 1], [2, 2, 0, 0, 1]], []], [[[1, 1, 0, 0, 1]], [], [[2, 1, 1, 1], [0, 0, 1, 1]]], [[], [[1, 1, 0, 2, 1]], [[2, 1, 2, 2], [0, 0, 1, 0]]]]
[[[[0, 1, 1, 0, 0]], [[0, 1, 1, 0, 0]], []], [[[0, 1, 1, 0, 0]], [], [[0, 1, 2, 2]]], [[], [[0, 1, 1, 0, 0]], [[0, 1, 0, 1]]], [[[0, 1, 0, 0, 0], [0, 1, 2, 1, 0]], [[1, 0, 0, 1, 0]], []], [[], [[0, 1, 1, 0, 2], [0, 1, 0, 0, 2]], [[0, 1, 0, 0]]], [[[0, 0, 1, 2, 1], [0, 1, 0, 0, 1]], [], [[0, 1, 0, 1]]], [[[0, 0, 1, 0, 0]], [[0, 0, 1, 0, 0]], [[0, 2, 0, 1]]], [[[0, 1, 1, 0, 0]], [[0, 1, 1, 1, 0], [0, 1, 1, 1, 0]], []], [[[0, 1, 1, 0, 0]], [], [[0, 1, 2, 2], [0, 1, 0, 2]]], [[], [[0, 1, 0, 0, 2]], [[0, 2, 1, 1], [0, 1, 0, 0]]]]
[[[[6, 109, 171, 206, 248]], [[26, 147, 207, 241, 254]], []], [[[2, 123, 174, 202, 260]], [], [[1, 56, 317, 400]]], [[], [[8, 70, 215, 243, 332]], [[11, 225, 285, 342]]], [[[16, 108, 178, 185, 204], [16, 116, 157, 180, 212]], [[41, 212, 252, 296, 359]], []], [[], [[7, 339, 363, 379, 390], [82, 187, 243, 271, 377]], [[33, 76, 267, 296]]], [[[20, 127, 137, 167, 173], [17, 55, 128, 137, 149]], [], [[26, 67, 264, 337]]], [[[90, 129, 136, 208, 254]], [[26, 225, 288, 314, 330]], [[73, 227, 310, 323]]], [[[46, 90, 102, 130, 139]], [[66, 155, 324, 343, 361], [60, 199, 279, 291, 328]], []], [[[34, 95, 158, 204, 210]], [], [[95, 113, 239, 313], [31, 85, 271, 315]]], [[], [[44, 77, 234, 269, 373]], [[98, 233, 279, 298], [36, 94, 278, 314]]]]

4469 3414.7 √
[3, 3, 3] [7, 4, 1]
[[[[0, 1, 3, 2, 4]], [[0, 1, 2, 3, 4]], []], [[[0, 1, 2, 4, 3]], [], [[0, 4, 1, 2]]], [[], [[0, 1, 2, 3, 4]], [[0, 2, 4, 1]]], [[[0, 1, 2, 3, 4], [0, 1, 2, 3, 4]], [[1, 0, 2, 3, 4]], []], [[], [[0, 1, 2, 3, 4], [0, 1, 2, 3, 4]], [[0, 1, 2, 4]]], [[[0, 2, 1, 4, 3], [0, 1, 2, 4, 3]], [], [[0, 1, 4, 2]]], [[[0, 2, 1, 4, 3]], [[0, 2, 1, 3, 4]], [[0, 4, 2, 1]]], [[[0, 1, 3, 2, 4]], [[0, 2, 1, 3, 4], [0, 2, 1, 3, 4]], []], [[[0, 1, 3, 2, 4]], [], [[0, 1, 4, 2], [0, 1, 4, 2]]], [[], [[0, 2, 1, 3, 4]], [[0, 4, 1, 2], [0, 1, 4, 2]]]]
[[[[2, 1, 1, 2, 1]], [[2, 2, 2, 2, 1]], []], [[[2, 2, 2, 1, 2]], [], [[1, 1, 2, 2]]], [[], [[1, 1, 2, 2, 1]], [[2, 2, 1, 0]]], [[[2, 1, 0, 2, 1], [1, 2, 1, 1, 1]], [[2, 0, 0, 2, 1]], []], [[], [[0, 0, 2, 2, 1], [2, 0, 0, 2, 1]], [[2, 0, 0, 1]]], [[[1, 0, 0, 1, 1], [1, 0, 0, 1, 0]], [], [[0, 0, 1, 2]]], [[[2, 0, 2, 1, 2]], [[0, 0, 0, 2, 1]], [[2, 1, 0, 2]]], [[[1, 1, 1, 0, 1]], [[2, 2, 2, 2, 1], [2, 2, 0, 0, 1]], []], [[[1, 1, 0, 0, 1]], [], [[2, 1, 1, 1], [0, 0, 1, 1]]], [[], [[1, 1, 0, 2, 1]], [[2, 1, 2, 2], [0, 0, 1, 1]]]]
[[[[0, 1, 1, 1, 2]], [[0, 1, 1, 0, 2]], []], [[[0, 1, 1, 0, 0]], [], [[0, 2, 1, 1]]], [[], [[0, 1, 1, 0, 0]], [[0, 1, 0, 1]]], [[[0, 1, 0, 0, 0], [0, 1, 2, 1, 0]], [[1, 0, 0, 0, 0]], []], [[], [[0, 1, 1, 0, 2], [0, 1, 0, 0, 2]], [[0, 1, 0, 0]]], [[[0, 0, 1, 2, 1], [0, 1, 0, 0, 1]], [], [[0, 1, 0, 1]]], [[[0, 0, 1, 0, 0]], [[0, 0, 1, 0, 0]], [[0, 2, 0, 1]]], [[[0, 1, 1, 0, 0]], [[0, 1, 1, 0, 0], [0, 1, 1, 1, 0]], []], [[[0, 1, 1, 0, 0]], [], [[0, 1, 2, 2], [0, 1, 0, 2]]], [[], [[0, 2, 1, 0, 2]], [[0, 2, 1, 1], [0, 1, 0, 2]]]]
[[[[6, 80, 187, 238, 281]], [[20, 140, 163, 258, 269]], []], [[[2, 122, 179, 216, 249]], [], [[227, 242, 281, 375]]], [[], [[5, 57, 212, 260, 358]], [[11, 225, 322, 348]]], [[[91, 100, 146, 190, 218], [13, 115, 152, 194, 224]], [[35, 91, 243, 276, 291]], []], [[], [[7, 338, 362, 405, 416], [101, 172, 234, 274, 391]], [[27, 63, 275, 308]]], [[[23, 104, 114, 174, 180], [18, 51, 106, 132, 188]], [], [[15, 322, 370, 392]]], [[[62, 105, 129, 222, 265]], [[27, 155, 260, 297, 360]], [[67, 248, 313, 347]]], [[[28, 75, 87, 107, 134]], [[54, 155, 324, 342, 354], [76, 204, 287, 299, 356]], []], [[[33, 70, 126, 208, 220]], [], [[83, 108, 260, 339], [35, 214, 301, 341]]], [[], [[43, 159, 178, 340, 387]], [[86, 254, 302, 315], [40, 72, 315, 343]]]]

4098 3502.3 √
[7, 3, 3] [3, 4, 1]
[[[[0, 1, 2, 4, 3]], [[0, 1, 2, 3, 4]], []], [[[0, 1, 2, 4, 3]], [], [[0, 1, 2, 4]]], [[], [[0, 1, 2, 3, 4]], [[0, 1, 4, 2]]], [[[0, 1, 2, 3, 4], [0, 1, 2, 3, 4]], [[1, 0, 2, 3, 4]], []], [[], [[0, 1, 2, 3, 4], [0, 1, 2, 3, 4]], [[0, 1, 2, 4]]], [[[0, 2, 1, 4, 3], [0, 1, 2, 4, 3]], [], [[0, 1, 4, 2]]], [[[0, 2, 1, 4, 3]], [[0, 2, 1, 3, 4]], [[0, 4, 2, 1]]], [[[0, 1, 3, 2, 4]], [[0, 2, 1, 3, 4], [0, 2, 1, 3, 4]], []], [[[0, 1, 3, 2, 4]], [], [[0, 1, 4, 2], [0, 1, 4, 2]]], [[], [[0, 1, 2, 3, 4]], [[0, 4, 2, 1], [0, 1, 4, 2]]]]
[[[[2, 2, 2, 1, 2]], [[2, 2, 2, 2, 1]], []], [[[2, 2, 2, 1, 2]], [], [[1, 1, 1, 1]]], [[], [[1, 1, 2, 2, 1]], [[2, 2, 1, 2]]], [[[2, 0, 0, 2, 1], [1, 2, 1, 1, 1]], [[2, 0, 0, 0, 1]], []], [[], [[0, 0, 2, 2, 1], [2, 0, 0, 2, 1]], [[2, 0, 0, 1]]], [[[1, 0, 0, 1, 1], [0, 0, 0, 1, 0]], [], [[0, 0, 1, 2]]], [[[2, 0, 2, 1, 2]], [[1, 0, 2, 2, 1]], [[2, 1, 0, 0]]], [[[0, 1, 1, 0, 1]], [[2, 2, 2, 1, 1], [2, 2, 0, 0, 1]], []], [[[1, 1, 0, 0, 1]], [], [[2, 1, 1, 1], [0, 0, 1, 1]]], [[], [[1, 1, 0, 2, 1]], [[2, 1, 2, 2], [0, 0, 1, 1]]]]
[[[[0, 1, 1, 0, 0]], [[0, 1, 1, 0, 0]], []], [[[0, 1, 1, 0, 0]], [], [[0, 1, 2, 2]]], [[], [[0, 1, 1, 0, 0]], [[0, 1, 0, 1]]], [[[0, 1, 0, 0, 0], [0, 1, 2, 1, 0]], [[1, 0, 0, 1, 0]], []], [[], [[0, 1, 1, 0, 2], [0, 1, 0, 0, 2]], [[0, 1, 0, 0]]], [[[0, 0, 1, 2, 1], [0, 1, 0, 0, 1]], [], [[0, 1, 0, 1]]], [[[0, 0, 1, 0, 0]], [[0, 0, 1, 0, 0]], [[0, 2, 0, 1]]], [[[0, 1, 1, 0, 0]], [[0, 1, 1, 1, 0], [0, 1, 1, 1, 0]], []], [[[0, 1, 1, 0, 0]], [], [[0, 1, 2, 2], [0, 1, 0, 2]]], [[], [[0, 1, 0, 0, 2]], [[0, 2, 1, 1], [0, 1, 0, 2]]]]
[[[[6, 102, 178, 217, 252]], [[26, 144, 211, 245, 263]], []], [[[2, 116, 175, 196, 264]], [], [[1, 48, 324, 401]]], [[], [[8, 62, 219, 247, 337]], [[11, 229, 294, 339]]], [[[16, 105, 175, 189, 198], [16, 109, 151, 174, 221]], [[41, 209, 251, 328, 366]], []], [[], [[7, 340, 364, 380, 391], [72, 184, 242, 275, 384]], [[33, 73, 266, 301]]], [[[21, 124, 134, 161, 167], [17, 52, 125, 131, 155]], [], [[23, 64, 287, 334]]], [[[80, 126, 133, 215, 258]], [[205, 224, 302, 326, 339]], [[85, 236, 304, 313]]], [[[43, 82, 94, 127, 133]], [[66, 159, 310, 350, 368], [60, 203, 278, 290, 335]], []], [[[26, 87, 146, 201, 219]], [], [[88, 106, 248, 318], [28, 82, 273, 320]]], [[], [[36, 69, 233, 273, 380]], [[91, 242, 283, 290], [33, 91, 280, 322]]]]

4818 3329.6 √
[3, 3, 3] [7, 4, 1]
[[[[0, 1, 3, 2, 4]], [[0, 1, 2, 3, 4]], []], [[[0, 1, 2, 4, 3]], [], [[0, 4, 1, 2]]], [[], [[0, 2, 1, 3, 4]], [[0, 1, 4, 2]]], [[[0, 1, 2, 3, 4], [0, 1, 2, 3, 4]], [[1, 0, 2, 3, 4]], []], [[], [[0, 1, 2, 3, 4], [0, 1, 2, 3, 4]], [[0, 1, 2, 4]]], [[[0, 2, 1, 4, 3], [0, 1, 2, 4, 3]], [], [[0, 1, 4, 2]]], [[[0, 2, 1, 4, 3]], [[0, 2, 1, 3, 4]], [[0, 4, 2, 1]]], [[[0, 1, 3, 2, 4]], [[0, 2, 1, 3, 4], [0, 2, 1, 3, 4]], []], [[[0, 1, 3, 2, 4]], [], [[0, 1, 4, 2], [0, 1, 4, 2]]], [[], [[0, 2, 1, 3, 4]], [[0, 4, 1, 2], [0, 1, 4, 2]]]]
[[[[2, 1, 1, 2, 1]], [[2, 2, 2, 2, 1]], []], [[[2, 2, 2, 1, 2]], [], [[1, 1, 2, 2]]], [[], [[1, 1, 2, 2, 1]], [[2, 2, 1, 1]]], [[[2, 1, 0, 2, 1], [1, 2, 1, 1, 1]], [[2, 0, 0, 2, 1]], []], [[], [[0, 0, 2, 2, 1], [2, 0, 0, 2, 1]], [[2, 0, 0, 1]]], [[[1, 0, 0, 1, 1], [0, 0, 0, 1, 0]], [], [[0, 0, 1, 1]]], [[[2, 0, 2, 1, 2]], [[0, 0, 0, 2, 1]], [[2, 1, 0, 0]]], [[[1, 1, 1, 0, 1]], [[2, 2, 2, 2, 1], [2, 2, 0, 0, 1]], []], [[[1, 1, 0, 0, 1]], [], [[2, 1, 1, 1], [0, 0, 1, 1]]], [[], [[1, 1, 2, 2, 1]], [[2, 1, 2, 2], [0, 0, 1, 1]]]]
[[[[0, 1, 1, 1, 2]], [[0, 1, 1, 0, 2]], []], [[[0, 1, 1, 0, 0]], [], [[0, 2, 1, 1]]], [[], [[0, 2, 1, 0, 0]], [[0, 1, 0, 2]]], [[[0, 1, 0, 0, 0], [0, 1, 2, 1, 0]], [[1, 0, 0, 0, 0]], []], [[], [[0, 1, 1, 0, 2], [0, 1, 0, 0, 2]], [[0, 1, 0, 0]]], [[[0, 0, 1, 2, 1], [0, 1, 0, 0, 1]], [], [[0, 1, 0, 2]]], [[[0, 0, 1, 0, 0]], [[0, 0, 1, 0, 0]], [[0, 2, 0, 1]]], [[[0, 1, 1, 0, 0]], [[0, 1, 1, 0, 0], [0, 1, 1, 1, 0]], []], [[[0, 1, 1, 0, 0]], [], [[0, 1, 2, 2], [0, 1, 0, 2]]], [[], [[0, 2, 1, 0, 0]], [[0, 2, 1, 1], [0, 1, 0, 2]]]]
[[[[6, 75, 173, 243, 286]], [[26, 134, 175, 263, 274]], []], [[[2, 116, 165, 209, 254]], [], [[220, 247, 288, 382]]], [[], [[5, 54, 217, 265, 363]], [[11, 227, 320, 350]]], [[[16, 100, 154, 191, 211], [18, 109, 157, 187, 217]], [[41, 99, 228, 281, 296]], []], [[], [[7, 345, 369, 395, 409], [66, 180, 219, 279, 405]], [[33, 71, 260, 313]]], [[[23, 112, 122, 167, 180], [17, 59, 113, 139, 190]], [], [[23, 329, 375, 400]]], [[[74, 114, 123, 213, 270]], [[35, 163, 245, 283, 386]], [[79, 253, 311, 320]]], [[[13, 80, 87, 115, 137]], [[60, 149, 326, 344, 365], [88, 205, 272, 297, 361]], []], [[[28, 70, 134, 210, 215]], [], [[95, 113, 265, 344], [43, 282, 327, 346]]], [[], [[38, 234, 318, 342, 388]], [[98, 259, 296, 309], [48, 80, 306, 348]]]]

643.5625